Open_time,Open,High,Low,Close,Volume,Close_time,Quote_asset_volume,Number_of_trades,Taker_buy_base_asset_volume,Taker_buy_quote_asset_volume
1514365260000,0.42069000,0.42069000,0.42069000,0.42069000,362.21000000,1514365319999,152.37812490,13,90.07000000,37.89154830
1514365320000,0.42069000,0.42069000,0.33400000,0.33400000,2175.49000000,1514365379999,912.60618810,20,5.32000000,2.23807080
1514365380000,0.42068000,0.42068000,0.33420000,0.33420000,3.14000000,1514365439999,1.18516160,2,1.57000000,0.66046760
1514365440000,0.33420000,0.33420000,0.33420000,0.33420000,0.00000000,1514365499999,0.00000000,0,0.00000000,0.00000000
1514365500000,0.33420000,0.33420000,0.33420000,0.33420000,0.00000000,1514365559999,0.00000000,0,0.00000000,0.00000000
1514365560000,0.42068000,0.42068000,0.42068000,0.42068000,4.46000000,1514365619999,1.87623280,1,4.46000000,1.87623280
1514365620000,0.42000000,0.42000000,0.41999000,0.41999000,67.00000000,1514365679999,28.13994990,3,5.01000000,2.10414990
1514365680000,0.41999000,0.41999000,0.41999000,0.41999000,0.00000000,1514365739999,0.00000000,0,0.00000000,0.00000000
1514365740000,0.41999000,0.41999000,0.41999000,0.41999000,20.48000000,1514365799999,8.60139520,3,20.48000000,8.60139520
1514365800000,0.41997000,0.41997000,0.41997000,0.41997000,14.95000000,1514365859999,6.27855150,1,14.95000000,6.27855150
1514365860000,0.41997000,0.42069000,0.41997000,0.42069000,159.93000000,1514365919999,67.18373040,5,159.93000000,67.18373040
1514365920000,0.42069000,0.42069000,0.42069000,0.42069000,110.65000000,1514365979999,46.54934850,3,110.58000000,46.51990020
1514365980000,0.42069000,0.47500000,0.42069000,0.47500000,9.70000000,1514366039999,4.42556150,2,9.70000000,4.42556150
1514366040000,0.47399000,0.47399000,0.47399000,0.47399000,0.06000000,1514366099999,0.02843940,1,0.06000000,0.02843940
1514366100000,0.47299000,0.47399000,0.47299000,0.47399000,925.71000000,1514366159999,438.71349340,12,63.99000000,30.26683060
1514366160000,0.47398000,0.47398000,0.47000000,0.47000000,34.79000000,1514366219999,16.40586580,3,34.79000000,16.40586580
1514366220000,0.47000000,0.47000000,0.47000000,0.47000000,6.33000000,1514366279999,2.97510000,1,6.33000000,2.97510000
1514366280000,0.47000000,0.47000000,0.46999000,0.46999000,28.50000000,1514366339999,13.39480000,2,28.50000000,13.39480000
1514366340000,0.46999000,0.46999000,0.46999000,0.46999000,0.00000000,1514366399999,0.00000000,0,0.00000000,0.00000000
1514366400000,0.46797000,0.46797000,0.46797000,0.46797000,1.41000000,1514366459999,0.65983770,1,1.41000000,0.65983770
1514366460000,0.46449000,0.46449000,0.46449000,0.46449000,1.17000000,1514366519999,0.54345330,1,1.17000000,0.54345330
1514366520000,0.46300000,0.46449000,0.46300000,0.46449000,671.37000000,1514366579999,311.79894070,10,45.76000000,21.20935180
1514366580000,0.46392000,0.46392000,0.46000000,0.46391000,14.73000000,1514366639999,6.81509640,3,10.73000000,4.95941640
1514366640000,0.46391000,0.46391000,0.46391000,0.46391000,0.00000000,1514366699999,0.00000000,0,0.00000000,0.00000000
1514366700000,0.46391000,0.46391000,0.46391000,0.46391000,0.00000000,1514366759999,0.00000000,0,0.00000000,0.00000000
1514366760000,0.46385000,0.46385000,0.46385000,0.46385000,4.30000000,1514366819999,1.99455500,1,4.30000000,1.99455500
1514366820000,0.46382000,0.46382000,0.46380000,0.46382000,457.81000000,1514366879999,212.33676620,5,315.81000000,146.47432620
1514366880000,0.46382000,0.46382000,0.46382000,0.46382000,9.50000000,1514366939999,4.40629000,3,3.20000000,1.48422400
1514366940000,0.46382000,0.46382000,0.46382000,0.46382000,0.00000000,1514366999999,0.00000000,0,0.00000000,0.00000000
1514367000000,0.46299000,0.46382000,0.46299000,0.46382000,351.09000000,1514367059999,162.58301570,9,347.05000000,160.70918290
1514367060000,0.46382000,0.46382000,0.46382000,0.46382000,0.00000000,1514367119999,0.00000000,0,0.00000000,0.00000000
1514367120000,0.40000000,0.40000000,0.35000000,0.35000000,22.33000000,1514367179999,8.81550000,2,0.00000000,0.00000000
1514367180000,0.35000000,0.35000000,0.35000000,0.35000000,8.70000000,1514367239999,3.04500000,1,0.00000000,0.00000000
1514367240000,0.46199000,0.46199000,0.46199000,0.46199000,1.74000000,1514367299999,0.80386260,2,1.74000000,0.80386260
1514367300000,0.46199000,0.46199000,0.46199000,0.46199000,0.00000000,1514367359999,0.00000000,0,0.00000000,0.00000000
1514367360000,0.46199000,0.46199000,0.46199000,0.46199000,0.00000000,1514367419999,0.00000000,0,0.00000000,0.00000000
1514367420000,0.46199000,0.46199000,0.46199000,0.46199000,0.00000000,1514367479999,0.00000000,0,0.00000000,0.00000000
1514367480000,0.45999000,0.45999000,0.45999000,0.45999000,55.38000000,1514367539999,25.47424620,1,55.38000000,25.47424620
1514367540000,0.45999000,0.45999000,0.37000000,0.37000000,50.91000000,1514367599999,21.53640000,2,30.00000000,13.79970000
1514367600000,0.37000000,0.37000000,0.37000000,0.37000000,0.00000000,1514367659999,0.00000000,0,0.00000000,0.00000000
1514367660000,0.43999000,0.43999000,0.43999000,0.43999000,15.00000000,1514367719999,6.59985000,1,15.00000000,6.59985000
1514367720000,0.42999000,0.43000000,0.42999000,0.43000000,47.77000000,1514367779999,20.54076000,2,47.77000000,20.54076000
1514367780000,0.37100000,0.42999000,0.37100000,0.39100000,19.00000000,1514367839999,7.66193000,13,7.00000000,3.00993000
1514367840000,0.42999000,0.42999000,0.42880000,0.42880000,3.40000000,1514367899999,1.45839600,2,3.40000000,1.45839600
1514367900000,0.42500000,0.42500000,0.42499000,0.42499000,16.82000000,1514367959999,7.14840000,11,16.82000000,7.14840000
1514367960000,0.42499000,0.42499000,0.37101000,0.37101000,38.00000000,1514368019999,15.18199400,11,18.00000000,7.64982000
1514368020000,0.37101000,0.37101000,0.37101000,0.37101000,13.44000000,1514368079999,4.98637440,1,0.00000000,0.00000000
1514368080000,0.37101000,0.37101000,0.37101000,0.37101000,0.00000000,1514368139999,0.00000000,0,0.00000000,0.00000000
1514368140000,0.42095000,0.42095000,0.42095000,0.42095000,20.81000000,1514368199999,8.75996950,1,20.81000000,8.75996950
1514368200000,0.38001000,0.38001000,0.38001000,0.38001000,40.33000000,1514368259999,15.32580330,1,0.00000000,0.00000000
1514368260000,0.38001000,0.38001000,0.38001000,0.38001000,0.00000000,1514368319999,0.00000000,0,0.00000000,0.00000000
1514368320000,0.38001000,0.38001000,0.38001000,0.38001000,0.00000000,1514368379999,0.00000000,0,0.00000000,0.00000000
1514368380000,0.38001000,0.38001000,0.38001000,0.38001000,0.00000000,1514368439999,0.00000000,0,0.00000000,0.00000000
1514368440000,0.38001000,0.38001000,0.38001000,0.38001000,0.00000000,1514368499999,0.00000000,0,0.00000000,0.00000000
1514368500000,0.38001000,0.38001000,0.38001000,0.38001000,0.00000000,1514368559999,0.00000000,0,0.00000000,0.00000000
1514368560000,0.39001000,0.39001000,0.39001000,0.39001000,68.49000000,1514368619999,26.71178490,1,0.00000000,0.00000000
1514368620000,0.41897000,0.41897000,0.41896000,0.41896000,21.57000000,1514368679999,9.03704720,2,21.57000000,9.03704720
1514368680000,0.41896000,0.41896000,0.41896000,0.41896000,0.00000000,1514368739999,0.00000000,0,0.00000000,0.00000000
1514368740000,0.39900000,0.39900000,0.39900000,0.39900000,98.00000000,1514368799999,39.10200000,1,0.00000000,0.00000000
1514368800000,0.39900000,0.39900000,0.39900000,0.39900000,98.00000000,1514368859999,39.10200000,1,98.00000000,39.10200000
1514368860000,0.39900000,0.39900000,0.39900000,0.39900000,0.00000000,1514368919999,0.00000000,0,0.00000000,0.00000000
1514368920000,0.39900000,0.39901000,0.39900000,0.39901000,207.00000000,1514368979999,82.59438000,4,0.00000000,0.00000000
1514368980000,0.39901000,0.39901000,0.39900000,0.39900000,871.50000000,1514369039999,347.72902000,13,53.34000000,21.28266000
1514369040000,0.39900000,0.39900000,0.39900000,0.39900000,0.00000000,1514369099999,0.00000000,0,0.00000000,0.00000000
1514369100000,0.38001000,0.38001000,0.38001000,0.38001000,20.00000000,1514369159999,7.60020000,3,0.00000000,0.00000000
1514369160000,0.38001000,0.38001000,0.38001000,0.38001000,0.00000000,1514369219999,0.00000000,0,0.00000000,0.00000000
1514369220000,0.39800000,0.39800000,0.39800000,0.39800000,7.50000000,1514369279999,2.98500000,1,7.50000000,2.98500000
1514369280000,0.39799000,0.39901000,0.39799000,0.39901000,458.07000000,1514369339999,182.36132860,7,458.07000000,182.36132860
1514369340000,0.42101000,0.42101000,0.39799000,0.39799000,30.80000000,1514369399999,12.53438200,4,12.00000000,5.05212000
1514369400000,0.39799000,0.39799000,0.39799000,0.39799000,546.00000000,1514369459999,217.30254000,7,257.20000000,102.36302800
1514369460000,0.39799000,0.39799000,0.39799000,0.39799000,0.13000000,1514369519999,0.05173870,1,0.13000000,0.05173870
1514369520000,0.39799000,0.39799000,0.39799000,0.39799000,0.00000000,1514369579999,0.00000000,0,0.00000000,0.00000000
1514369580000,0.39799000,0.39799000,0.39799000,0.39799000,0.00000000,1514369639999,0.00000000,0,0.00000000,0.00000000
1514369640000,0.40001000,0.40001000,0.40001000,0.40001000,12.60000000,1514369699999,5.04012600,3,0.00000000,0.00000000
1514369700000,0.41000000,0.41000000,0.41000000,0.41000000,233.20000000,1514369759999,95.61200000,7,42.00000000,17.22000000
1514369760000,0.41002000,0.41002000,0.41002000,0.41002000,8.20000000,1514369819999,3.36216400,2,0.00000000,0.00000000
1514369820000,0.41002000,0.41002000,0.41002000,0.41002000,0.00000000,1514369879999,0.00000000,0,0.00000000,0.00000000
1514369880000,0.41002000,0.41002000,0.41002000,0.41002000,0.00000000,1514369939999,0.00000000,0,0.00000000,0.00000000
1514369940000,0.42000000,0.42999000,0.42000000,0.42999000,290.00000000,1514369999999,124.59720000,5,28.00000000,11.93982000
1514370000000,0.42999000,0.42999000,0.42999000,0.42999000,0.00000000,1514370059999,0.00000000,0,0.00000000,0.00000000
1514370060000,0.42999000,0.42999000,0.42999000,0.42999000,0.00000000,1514370119999,0.00000000,0,0.00000000,0.00000000
1514370120000,0.42999000,0.42999000,0.42999000,0.42999000,0.00000000,1514370179999,0.00000000,0,0.00000000,0.00000000
1514370180000,0.42999000,0.42999000,0.42999000,0.42999000,0.00000000,1514370239999,0.00000000,0,0.00000000,0.00000000
1514370240000,0.42999000,0.42999000,0.42999000,0.42999000,0.00000000,1514370299999,0.00000000,0,0.00000000,0.00000000
1514370300000,0.41000000,0.41000000,0.41000000,0.41000000,53.15000000,1514370359999,21.79150000,3,0.00000000,0.00000000
1514370360000,0.41000000,0.41000000,0.41000000,0.41000000,0.00000000,1514370419999,0.00000000,0,0.00000000,0.00000000
1514370420000,0.41000000,0.41000000,0.41000000,0.41000000,35.00000000,1514370479999,14.35000000,1,35.00000000,14.35000000
1514370480000,0.41000000,0.41000000,0.41000000,0.41000000,0.00000000,1514370539999,0.00000000,0,0.00000000,0.00000000
1514370540000,0.40000000,0.40000000,0.40000000,0.40000000,4.10000000,1514370599999,1.64000000,1,0.00000000,0.00000000
1514370600000,0.40000000,0.40000000,0.40000000,0.40000000,22.13000000,1514370659999,8.85200000,3,4.00000000,1.60000000
1514370660000,0.40000000,0.40000000,0.40000000,0.40000000,0.00000000,1514370719999,0.00000000,0,0.00000000,0.00000000
1514370720000,0.40000000,0.40000000,0.40000000,0.40000000,0.00000000,1514370779999,0.00000000,0,0.00000000,0.00000000
1514370780000,0.40000000,0.40000000,0.40000000,0.40000000,5.00000000,1514370839999,2.00000000,1,5.00000000,2.00000000
1514370840000,0.40000000,0.40000000,0.40000000,0.40000000,0.00000000,1514370899999,0.00000000,0,0.00000000,0.00000000
1514370900000,0.40000000,0.40000000,0.40000000,0.40000000,0.00000000,1514370959999,0.00000000,0,0.00000000,0.00000000
1514370960000,0.40000000,0.40000000,0.40000000,0.40000000,0.00000000,1514371019999,0.00000000,0,0.00000000,0.00000000
1514371020000,0.40000000,0.40000000,0.40000000,0.40000000,0.00000000,1514371079999,0.00000000,0,0.00000000,0.00000000
1514371080000,0.40000000,0.40000000,0.40000000,0.40000000,0.00000000,1514371139999,0.00000000,0,0.00000000,0.00000000
1514371140000,0.40000000,0.40000000,0.40000000,0.40000000,0.00000000,1514371199999,0.00000000,0,0.00000000,0.00000000
1514371200000,0.40000000,0.40000000,0.40000000,0.40000000,0.00000000,1514371259999,0.00000000,0,0.00000000,0.00000000
1514371260000,0.40000000,0.40000000,0.40000000,0.40000000,0.00000000,1514371319999,0.00000000,0,0.00000000,0.00000000
1514371320000,0.40000000,0.40000000,0.40000000,0.40000000,0.00000000,1514371379999,0.00000000,0,0.00000000,0.00000000
1514371380000,0.40000000,0.40000000,0.40000000,0.40000000,0.00000000,1514371439999,0.00000000,0,0.00000000,0.00000000
1514371440000,0.40000000,0.40000000,0.40000000,0.40000000,0.00000000,1514371499999,0.00000000,0,0.00000000,0.00000000
1514371500000,0.40000000,0.40000000,0.40000000,0.40000000,0.00000000,1514371559999,0.00000000,0,0.00000000,0.00000000
1514371560000,0.41000000,0.41000000,0.41000000,0.41000000,6.23000000,1514371619999,2.55430000,1,6.23000000,2.55430000
1514371620000,0.41000000,0.41000000,0.41000000,0.41000000,0.00000000,1514371679999,0.00000000,0,0.00000000,0.00000000
1514371680000,0.41000000,0.41000000,0.41000000,0.41000000,114.00000000,1514371739999,46.74000000,4,56.79000000,23.28390000
1514371740000,0.41000000,0.41000000,0.41000000,0.41000000,0.00000000,1514371799999,0.00000000,0,0.00000000,0.00000000
1514371800000,0.41000000,0.41000000,0.41000000,0.41000000,145.00000000,1514371859999,59.45000000,3,0.02000000,0.00820000
1514371860000,0.41000000,0.41000000,0.41000000,0.41000000,0.00000000,1514371919999,0.00000000,0,0.00000000,0.00000000
1514371920000,0.41000000,0.41000000,0.41000000,0.41000000,0.00000000,1514371979999,0.00000000,0,0.00000000,0.00000000
1514371980000,0.41000000,0.41000000,0.41000000,0.41000000,0.00000000,1514372039999,0.00000000,0,0.00000000,0.00000000
1514372040000,0.41000000,0.41000000,0.41000000,0.41000000,0.00000000,1514372099999,0.00000000,0,0.00000000,0.00000000
1514372100000,0.41000000,0.41000000,0.41000000,0.41000000,0.00000000,1514372159999,0.00000000,0,0.00000000,0.00000000
1514372160000,0.41000000,0.41000000,0.41000000,0.41000000,86.82000000,1514372219999,35.59620000,1,86.82000000,35.59620000
1514372220000,0.41000000,0.41000000,0.41000000,0.41000000,0.00000000,1514372279999,0.00000000,0,0.00000000,0.00000000
1514372280000,0.41000000,0.41000000,0.41000000,0.41000000,0.00000000,1514372339999,0.00000000,0,0.00000000,0.00000000
1514372340000,0.41000000,0.41000000,0.41000000,0.41000000,2.44000000,1514372399999,1.00040000,2,2.20000000,0.90200000
1514372400000,0.41000000,0.41000000,0.41000000,0.41000000,45.29000000,1514372459999,18.56890000,5,8.92000000,3.65720000
1514372460000,0.41000000,0.41000000,0.41000000,0.41000000,0.00000000,1514372519999,0.00000000,0,0.00000000,0.00000000
1514372520000,0.41000000,0.41000000,0.41000000,0.41000000,14.34000000,1514372579999,5.87940000,1,14.34000000,5.87940000
1514372580000,0.41000000,0.41000000,0.41000000,0.41000000,0.00000000,1514372639999,0.00000000,0,0.00000000,0.00000000
1514372640000,0.41000000,0.41000000,0.41000000,0.41000000,0.00000000,1514372699999,0.00000000,0,0.00000000,0.00000000
1514372700000,0.41000000,0.41000000,0.41000000,0.41000000,0.00000000,1514372759999,0.00000000,0,0.00000000,0.00000000
1514372760000,0.41000000,0.41000000,0.41000000,0.41000000,0.00000000,1514372819999,0.00000000,0,0.00000000,0.00000000
1514372820000,0.41000000,0.41000000,0.41000000,0.41000000,0.00000000,1514372879999,0.00000000,0,0.00000000,0.00000000
1514372880000,0.41000000,0.41000000,0.41000000,0.41000000,0.00000000,1514372939999,0.00000000,0,0.00000000,0.00000000
1514372940000,0.41000000,0.41000000,0.41000000,0.41000000,0.00000000,1514372999999,0.00000000,0,0.00000000,0.00000000
1514373000000,0.41000000,0.41000000,0.41000000,0.41000000,0.00000000,1514373059999,0.00000000,0,0.00000000,0.00000000
1514373060000,0.41000000,0.41000000,0.41000000,0.41000000,0.00000000,1514373119999,0.00000000,0,0.00000000,0.00000000
1514373120000,0.41000000,0.41000000,0.41000000,0.41000000,0.00000000,1514373179999,0.00000000,0,0.00000000,0.00000000
1514373180000,0.41000000,0.41000000,0.41000000,0.41000000,0.00000000,1514373239999,0.00000000,0,0.00000000,0.00000000
1514373240000,0.41000000,0.41000000,0.41000000,0.41000000,0.00000000,1514373299999,0.00000000,0,0.00000000,0.00000000
1514373300000,0.41000000,0.41746000,0.41000000,0.41746000,593.15000000,1514373359999,243.45375160,22,149.08000000,61.38505160
1514373360000,0.41746000,0.41746000,0.38881000,0.41746000,39.43000000,1514373419999,15.71554780,5,13.43000000,5.60648780
1514373420000,0.38881000,0.38881000,0.38881000,0.38881000,2.23000000,1514373479999,0.86704630,2,0.00000000,0.00000000
1514373480000,0.41745000,0.41745000,0.38881000,0.38881000,57.46000000,1514373539999,23.51841300,7,41.11000000,17.16136950
1514373540000,0.41745000,0.41746000,0.38881000,0.38881000,325.00000000,1514373599999,132.09276110,5,200.00000000,83.49151110
1514373600000,0.38881000,0.41746000,0.38881000,0.41746000,150.82000000,1514373659999,60.30890020,6,58.24000000,24.31287040
1514373660000,0.41746000,0.41746000,0.38885000,0.38885000,75.19000000,1514373719999,30.22267380,4,34.43000000,14.37314780
1514373720000,0.41000000,0.41746000,0.38882000,0.38882000,86.23000000,1514373779999,34.72364740,5,44.13000000,18.35432540
1514373780000,0.38882000,0.41746000,0.38880000,0.41746000,236.66000000,1514373839999,94.87490960,12,99.82000000,41.67085720
1514373840000,0.41746000,0.41746000,0.38881000,0.38881000,111.53000000,1514373899999,46.12956380,3,96.53000000,40.29741380
1514373900000,0.38882000,0.41746000,0.38882000,0.38882000,268.79000000,1514373959999,108.23069100,14,129.88000000,54.21970480
1514373960000,0.41746000,0.42523000,0.38882000,0.42522000,163.06000000,1514374019999,64.96732210,14,53.91000000,22.52740310
1514374020000,0.38887000,0.42471000,0.38887000,0.42471000,28.00000000,1514374079999,11.42596000,16,15.00000000,6.37065000
1514374080000,0.42471000,0.42471000,0.38887000,0.38887000,44.00000000,1514374139999,17.93443000,45,23.00000000,9.76816000
1514374140000,0.38887000,0.42470000,0.38887000,0.42470000,28.00000000,1514374199999,11.50312000,28,17.00000000,7.21990000
1514374200000,0.39000000,0.42470000,0.39000000,0.42470000,31.00000000,1514374259999,12.36760000,9,8.00000000,3.39760000
1514374260000,0.42199000,0.42199000,0.41500000,0.41500000,24.92000000,1514374319999,10.37619080,2,24.92000000,10.37619080
1514374320000,0.41499000,0.41499000,0.39003000,0.41498000,54.22000000,1514374379999,21.80234780,36,26.22000000,10.88086780
1514374380000,0.41498000,0.41498000,0.41496000,0.41496000,32.00000000,1514374439999,13.27881000,32,32.00000000,13.27881000
1514374440000,0.39010000,0.39011000,0.39010000,0.39011000,4.00000000,1514374499999,1.56043000,4,0.00000000,0.00000000
1514374500000,0.41494000,0.41494000,0.41494000,0.41494000,12.00000000,1514374559999,4.97928000,12,12.00000000,4.97928000
1514374560000,0.41494000,0.41494000,0.41493000,0.41493000,7.00000000,1514374619999,2.90454000,7,7.00000000,2.90454000
1514374620000,0.41493000,0.41493000,0.41493000,0.41493000,0.00000000,1514374679999,0.00000000,0,0.00000000,0.00000000
1514374680000,0.41485000,0.41485000,0.41485000,0.41485000,1.25000000,1514374739999,0.51856250,1,1.25000000,0.51856250
1514374740000,0.38889000,0.38889000,0.38889000,0.38889000,4.00000000,1514374799999,1.55556000,2,0.00000000,0.00000000
1514374800000,0.38889000,0.38891000,0.38889000,0.38891000,18.00000000,1514374859999,7.00018000,9,0.00000000,0.00000000
1514374860000,0.40500000,0.41475000,0.39001000,0.39001000,19.00000000,1514374919999,7.60462250,20,11.00000000,4.48454250
1514374920000,0.41474000,0.41474000,0.39001000,0.39011000,26.00000000,1514374979999,10.21602000,26,3.00000000,1.24422000
1514374980000,0.40500000,0.40500000,0.40500000,0.40500000,17.00000000,1514375039999,6.88500000,4,16.00000000,6.48000000
1514375040000,0.40500000,0.40500000,0.40500000,0.40500000,0.00000000,1514375099999,0.00000000,0,0.00000000,0.00000000
1514375100000,0.40495000,0.40495000,0.40495000,0.40495000,64.97000000,1514375159999,26.30960150,1,64.97000000,26.30960150
1514375160000,0.40495000,0.40495000,0.40495000,0.40495000,0.00000000,1514375219999,0.00000000,0,0.00000000,0.00000000
1514375220000,0.40495000,0.40495000,0.40495000,0.40495000,0.00000000,1514375279999,0.00000000,0,0.00000000,0.00000000
1514375280000,0.40495000,0.40495000,0.40495000,0.40495000,0.00000000,1514375339999,0.00000000,0,0.00000000,0.00000000
1514375340000,0.40495000,0.40495000,0.40495000,0.40495000,0.00000000,1514375399999,0.00000000,0,0.00000000,0.00000000
1514375400000,0.40495000,0.40495000,0.40495000,0.40495000,0.00000000,1514375459999,0.00000000,0,0.00000000,0.00000000
1514375460000,0.40495000,0.40495000,0.40495000,0.40495000,0.00000000,1514375519999,0.00000000,0,0.00000000,0.00000000
1514375520000,0.40495000,0.40495000,0.40495000,0.40495000,0.00000000,1514375579999,0.00000000,0,0.00000000,0.00000000
1514375580000,0.40495000,0.40495000,0.40495000,0.40495000,0.00000000,1514375639999,0.00000000,0,0.00000000,0.00000000
1514375640000,0.40495000,0.40495000,0.40495000,0.40495000,0.00000000,1514375699999,0.00000000,0,0.00000000,0.00000000
1514375700000,0.40900000,0.41489000,0.40000000,0.40000000,174.92000000,1514375759999,72.18694000,12,150.92000000,62.58622000
1514375760000,0.41489000,0.41489000,0.41489000,0.41489000,14.00000000,1514375819999,5.80846000,14,14.00000000,5.80846000
1514375820000,0.41488000,0.41488000,0.41488000,0.41488000,17.00000000,1514375879999,7.05296000,1,17.00000000,7.05296000
1514375880000,0.41488000,0.41488000,0.41488000,0.41488000,0.00000000,1514375939999,0.00000000,0,0.00000000,0.00000000
1514375940000,0.41488000,0.41488000,0.41488000,0.41488000,0.00000000,1514375999999,0.00000000,0,0.00000000,0.00000000
1514376000000,0.41488000,0.41488000,0.41488000,0.41488000,0.00000000,1514376059999,0.00000000,0,0.00000000,0.00000000
1514376060000,0.39600000,0.41487000,0.39600000,0.41487000,14.00000000,1514376119999,5.77044000,14,12.00000000,4.97844000
1514376120000,0.41487000,0.41487000,0.41487000,0.41487000,1395.24000000,1514376179999,578.84321880,7,91.07000000,37.78221090
1514376180000,0.41487000,0.41487000,0.41487000,0.41487000,19.05000000,1514376239999,7.90327350,3,14.30000000,5.93264100
1514376240000,0.41487000,0.41487000,0.39600000,0.39600000,6.13000000,1514376299999,2.53183110,3,5.53000000,2.29423110
1514376300000,0.39600000,0.39600000,0.39600000,0.39600000,0.00000000,1514376359999,0.00000000,0,0.00000000,0.00000000
1514376360000,0.39600000,0.39600000,0.39600000,0.39600000,0.00000000,1514376419999,0.00000000,0,0.00000000,0.00000000
1514376420000,0.39600000,0.39601000,0.39600000,0.39601000,4.00000000,1514376479999,1.58403000,4,0.00000000,0.00000000
1514376480000,0.41490000,0.41490000,0.39601000,0.41489000,37.69000000,1514376539999,15.35422100,22,22.69000000,9.41407100
1514376540000,0.41489000,0.41493000,0.39601000,0.41493000,45.35000000,1514376599999,18.51359900,25,20.33000000,8.43504100
1514376600000,0.41493000,0.41493000,0.41493000,0.41493000,5.00000000,1514376659999,2.07465000,5,5.00000000,2.07465000
1514376660000,0.41493000,0.41493000,0.41493000,0.41493000,0.00000000,1514376719999,0.00000000,0,0.00000000,0.00000000
1514376720000,0.41493000,0.41493000,0.41493000,0.41493000,0.00000000,1514376779999,0.00000000,0,0.00000000,0.00000000
1514376780000,0.41493000,0.41493000,0.41493000,0.41493000,0.00000000,1514376839999,0.00000000,0,0.00000000,0.00000000
1514376840000,0.41493000,0.41493000,0.41493000,0.41493000,0.00000000,1514376899999,0.00000000,0,0.00000000,0.00000000
1514376900000,0.41493000,0.41493000,0.41493000,0.41493000,4.00000000,1514376959999,1.65972000,1,4.00000000,1.65972000
1514376960000,0.41493000,0.41493000,0.41493000,0.41493000,92.00000000,1514377019999,38.17356000,1,92.00000000,38.17356000
1514377020000,0.41493000,0.41493000,0.41493000,0.41493000,0.00000000,1514377079999,0.00000000,0,0.00000000,0.00000000
1514377080000,0.41493000,0.41493000,0.41493000,0.41493000,0.00000000,1514377139999,0.00000000,0,0.00000000,0.00000000
1514377140000,0.41493000,0.41493000,0.40001000,0.40001000,12.34000000,1514377199999,5.06055620,2,8.34000000,3.46051620
1514377200000,0.40001000,0.40001000,0.40001000,0.40001000,0.00000000,1514377259999,0.00000000,0,0.00000000,0.00000000
1514377260000,0.40001000,0.40001000,0.40001000,0.40001000,0.00000000,1514377319999,0.00000000,0,0.00000000,0.00000000
1514377320000,0.40001000,0.40001000,0.40001000,0.40001000,0.00000000,1514377379999,0.00000000,0,0.00000000,0.00000000
1514377380000,0.40001000,0.40001000,0.40001000,0.40001000,0.00000000,1514377439999,0.00000000,0,0.00000000,0.00000000
1514377440000,0.40001000,0.40001000,0.40001000,0.40001000,0.00000000,1514377499999,0.00000000,0,0.00000000,0.00000000
1514377500000,0.40001000,0.40001000,0.40001000,0.40001000,0.00000000,1514377559999,0.00000000,0,0.00000000,0.00000000
1514377560000,0.40001000,0.40001000,0.40001000,0.40001000,0.00000000,1514377619999,0.00000000,0,0.00000000,0.00000000
1514377620000,0.40001000,0.40001000,0.40001000,0.40001000,0.00000000,1514377679999,0.00000000,0,0.00000000,0.00000000
1514377680000,0.39201000,0.39202000,0.39201000,0.39202000,5.00000000,1514377739999,1.96006000,5,0.00000000,0.00000000
1514377740000,0.39202000,0.39202000,0.39202000,0.39202000,0.00000000,1514377799999,0.00000000,0,0.00000000,0.00000000
1514377800000,0.39203000,0.39203000,0.39198000,0.39198000,416.54000000,1514377859999,163.29118250,4,0.00000000,0.00000000
1514377860000,0.39198000,0.39198000,0.39198000,0.39198000,33.62000000,1514377919999,13.17836760,2,0.00000000,0.00000000
1514377920000,0.39198000,0.39198000,0.39198000,0.39198000,0.00000000,1514377979999,0.00000000,0,0.00000000,0.00000000
1514377980000,0.39198000,0.39198000,0.39198000,0.39198000,6.00000000,1514378039999,2.35188000,3,4.00000000,1.56792000
1514378040000,0.39198000,0.39198000,0.39198000,0.39198000,0.00000000,1514378099999,0.00000000,0,0.00000000,0.00000000
1514378100000,0.39198000,0.39198000,0.39198000,0.39198000,0.00000000,1514378159999,0.00000000,0,0.00000000,0.00000000
1514378160000,0.39198000,0.39198000,0.39198000,0.39198000,12.00000000,1514378219999,4.70376000,1,12.00000000,4.70376000
1514378220000,0.39198000,0.39198000,0.39198000,0.39198000,11.00000000,1514378279999,4.31178000,1,11.00000000,4.31178000
1514378280000,0.39198000,0.39198000,0.39198000,0.39198000,28.93000000,1514378339999,11.33998140,3,25.93000000,10.16404140
1514378340000,0.41266000,0.41266000,0.41266000,0.41266000,412.44000000,1514378399999,170.19749040,5,362.13000000,149.43656580
1514378400000,0.41266000,0.41266000,0.41266000,0.41266000,0.00000000,1514378459999,0.00000000,0,0.00000000,0.00000000
1514378460000,0.41200000,0.41200000,0.41200000,0.41200000,49.35000000,1514378519999,20.33220000,2,0.00000000,0.00000000
1514378520000,0.39198000,0.39198000,0.39198000,0.39198000,87.65000000,1514378579999,34.35704700,3,85.58000000,33.54564840
1514378580000,0.39198000,0.39198000,0.39198000,0.39198000,0.00000000,1514378639999,0.00000000,0,0.00000000,0.00000000
1514378640000,0.39198000,0.39198000,0.39198000,0.39198000,0.00000000,1514378699999,0.00000000,0,0.00000000,0.00000000
1514378700000,0.39198000,0.39198000,0.39198000,0.39198000,0.00000000,1514378759999,0.00000000,0,0.00000000,0.00000000
1514378760000,0.39198000,0.39198000,0.39198000,0.39198000,0.00000000,1514378819999,0.00000000,0,0.00000000,0.00000000
1514378820000,0.39198000,0.39198000,0.39198000,0.39198000,0.00000000,1514378879999,0.00000000,0,0.00000000,0.00000000
1514378880000,0.39198000,0.39198000,0.39198000,0.39198000,0.00000000,1514378939999,0.00000000,0,0.00000000,0.00000000
1514378940000,0.39302000,0.39302000,0.39302000,0.39302000,87.00000000,1514378999999,34.19274000,1,0.00000000,0.00000000
1514379000000,0.39302000,0.41265000,0.39302000,0.41265000,106.11000000,1514379059999,41.76224220,2,3.00000000,1.23795000
1514379060000,0.39302000,0.39302000,0.39302000,0.39302000,91.00000000,1514379119999,35.76482000,2,0.00000000,0.00000000
1514379120000,0.39302000,0.39302000,0.39302000,0.39302000,0.00000000,1514379179999,0.00000000,0,0.00000000,0.00000000
1514379180000,0.39302000,0.39302000,0.39302000,0.39302000,0.00000000,1514379239999,0.00000000,0,0.00000000,0.00000000
1514379240000,0.41265000,0.41265000,0.41265000,0.41265000,0.54000000,1514379299999,0.22283100,5,0.54000000,0.22283100
1514379300000,0.41265000,0.41265000,0.41265000,0.41265000,1.23000000,1514379359999,0.50755950,4,1.23000000,0.50755950
1514379360000,0.41265000,0.41266000,0.41265000,0.41266000,295.47000000,1514379419999,121.92722940,9,291.77000000,120.40038740
1514379420000,0.41266000,0.41266000,0.41266000,0.41266000,0.61000000,1514379479999,0.25172260,1,0.00000000,0.00000000
1514379480000,0.41266000,0.41266000,0.41266000,0.41266000,0.00000000,1514379539999,0.00000000,0,0.00000000,0.00000000
1514379540000,0.41266000,0.41266000,0.41266000,0.41266000,0.00000000,1514379599999,0.00000000,0,0.00000000,0.00000000
1514379600000,0.41965000,0.42600000,0.41965000,0.42600000,1259.96000000,1514379659999,535.18048200,5,488.20000000,206.41072200
1514379660000,0.42600000,0.42600000,0.42600000,0.42600000,0.00000000,1514379719999,0.00000000,0,0.00000000,0.00000000
1514379720000,0.42600000,0.42600000,0.42600000,0.42600000,8.32000000,1514379779999,3.54432000,2,0.00000000,0.00000000
1514379780000,0.42600000,0.42600000,0.42600000,0.42600000,10.00000000,1514379839999,4.26000000,1,10.00000000,4.26000000
1514379840000,0.42600000,0.42600000,0.42600000,0.42600000,0.00000000,1514379899999,0.00000000,0,0.00000000,0.00000000
1514379900000,0.42600000,0.42600000,0.42600000,0.42600000,0.00000000,1514379959999,0.00000000,0,0.00000000,0.00000000
1514379960000,0.42600000,0.42600000,0.42600000,0.42600000,5.00000000,1514380019999,2.13000000,5,5.00000000,2.13000000
1514380020000,0.42600000,0.42600000,0.42600000,0.42600000,22.00000000,1514380079999,9.37200000,22,22.00000000,9.37200000
1514380080000,0.42600000,0.42600000,0.42600000,0.42600000,0.00000000,1514380139999,0.00000000,0,0.00000000,0.00000000
1514380140000,0.42555000,0.42600000,0.42555000,0.42555000,25.00000000,1514380199999,10.64010000,25,25.00000000,10.64010000
1514380200000,0.42555000,0.42600000,0.39501000,0.42600000,29.59000000,1514380259999,12.20722000,29,16.59000000,7.06014000
1514380260000,0.42600000,0.42600000,0.39603000,0.42457000,57.00000000,1514380319999,22.69251000,13,4.00000000,1.70257000
1514380320000,0.42457000,0.42457000,0.42457000,0.42457000,0.00000000,1514380379999,0.00000000,0,0.00000000,0.00000000
1514380380000,0.42457000,0.42457000,0.42457000,0.42457000,0.00000000,1514380439999,0.00000000,0,0.00000000,0.00000000
1514380440000,0.42428000,0.42428000,0.42428000,0.42428000,182.24000000,1514380499999,77.32078720,1,182.24000000,77.32078720
1514380500000,0.42427000,0.42427000,0.42427000,0.42427000,24.75000000,1514380559999,10.50068250,1,24.75000000,10.50068250
1514380560000,0.42427000,0.42427000,0.42427000,0.42427000,0.00000000,1514380619999,0.00000000,0,0.00000000,0.00000000
1514380620000,0.42427000,0.42427000,0.42427000,0.42427000,0.00000000,1514380679999,0.00000000,0,0.00000000,0.00000000
1514380680000,0.41000000,0.41000000,0.41000000,0.41000000,14.26000000,1514380739999,5.84660000,2,0.00000000,0.00000000
1514380740000,0.41000000,0.41000000,0.41000000,0.41000000,0.00000000,1514380799999,0.00000000,0,0.00000000,0.00000000
1514380800000,0.41000000,0.41000000,0.41000000,0.41000000,0.00000000,1514380859999,0.00000000,0,0.00000000,0.00000000
1514380860000,0.41000000,0.41000000,0.41000000,0.41000000,4.86000000,1514380919999,1.99260000,2,0.00000000,0.00000000
1514380920000,0.41000000,0.41000000,0.41000000,0.41000000,0.00000000,1514380979999,0.00000000,0,0.00000000,0.00000000
1514380980000,0.41000000,0.41000000,0.41000000,0.41000000,0.00000000,1514381039999,0.00000000,0,0.00000000,0.00000000
1514381040000,0.41000000,0.41000000,0.41000000,0.41000000,0.00000000,1514381099999,0.00000000,0,0.00000000,0.00000000
1514381100000,0.41000000,0.41000000,0.41000000,0.41000000,0.00000000,1514381159999,0.00000000,0,0.00000000,0.00000000
1514381160000,0.41000000,0.41000000,0.41000000,0.41000000,0.00000000,1514381219999,0.00000000,0,0.00000000,0.00000000
1514381220000,0.41000000,0.41000000,0.41000000,0.41000000,0.00000000,1514381279999,0.00000000,0,0.00000000,0.00000000
1514381280000,0.41000000,0.41000000,0.41000000,0.41000000,0.00000000,1514381339999,0.00000000,0,0.00000000,0.00000000
1514381340000,0.41000000,0.41000000,0.41000000,0.41000000,0.00000000,1514381399999,0.00000000,0,0.00000000,0.00000000
1514381400000,0.41000000,0.41000000,0.41000000,0.41000000,0.00000000,1514381459999,0.00000000,0,0.00000000,0.00000000
1514381460000,0.41000000,0.41000000,0.41000000,0.41000000,0.00000000,1514381519999,0.00000000,0,0.00000000,0.00000000
1514381520000,0.41000000,0.41000000,0.41000000,0.41000000,0.00000000,1514381579999,0.00000000,0,0.00000000,0.00000000
1514381580000,0.41000000,0.41000000,0.41000000,0.41000000,0.00000000,1514381639999,0.00000000,0,0.00000000,0.00000000
1514381640000,0.41000000,0.41000000,0.41000000,0.41000000,8.00000000,1514381699999,3.28000000,1,8.00000000,3.28000000
1514381700000,0.41000000,0.41000000,0.41000000,0.41000000,0.00000000,1514381759999,0.00000000,0,0.00000000,0.00000000
1514381760000,0.41000000,0.41000000,0.41000000,0.41000000,31.69000000,1514381819999,12.99290000,1,31.69000000,12.99290000
1514381820000,0.41000000,0.41000000,0.41000000,0.41000000,0.00000000,1514381879999,0.00000000,0,0.00000000,0.00000000
1514381880000,0.41000000,0.41000000,0.41000000,0.41000000,0.00000000,1514381939999,0.00000000,0,0.00000000,0.00000000
1514381940000,0.40000000,0.40000000,0.40000000,0.40000000,7.50000000,1514381999999,3.00000000,2,0.00000000,0.00000000
1514382000000,0.39803000,0.39803000,0.39802000,0.39802000,623.28000000,1514382059999,248.07978840,6,0.00000000,0.00000000
1514382060000,0.39803000,0.39803000,0.39803000,0.39803000,4.72000000,1514382119999,1.87870160,1,4.72000000,1.87870160
1514382120000,0.41000000,0.41796000,0.41000000,0.41796000,5.50000000,1514382179999,2.29655120,2,5.50000000,2.29655120
1514382180000,0.41796000,0.41796000,0.41796000,0.41796000,0.00000000,1514382239999,0.00000000,0,0.00000000,0.00000000
1514382240000,0.41796000,0.41796000,0.41796000,0.41796000,0.00000000,1514382299999,0.00000000,0,0.00000000,0.00000000
1514382300000,0.41796000,0.41796000,0.41796000,0.41796000,37.60000000,1514382359999,15.71529600,1,37.60000000,15.71529600
1514382360000,0.41796000,0.41796000,0.41796000,0.41796000,0.00000000,1514382419999,0.00000000,0,0.00000000,0.00000000
1514382420000,0.41796000,0.41796000,0.41796000,0.41796000,0.00000000,1514382479999,0.00000000,0,0.00000000,0.00000000
1514382480000,0.41796000,0.41796000,0.41796000,0.41796000,0.00000000,1514382539999,0.00000000,0,0.00000000,0.00000000
1514382540000,0.41796000,0.41796000,0.41796000,0.41796000,0.00000000,1514382599999,0.00000000,0,0.00000000,0.00000000
1514382600000,0.41796000,0.41796000,0.41796000,0.41796000,0.00000000,1514382659999,0.00000000,0,0.00000000,0.00000000
1514382660000,0.41796000,0.41796000,0.41796000,0.41796000,0.00000000,1514382719999,0.00000000,0,0.00000000,0.00000000
1514382720000,0.41796000,0.41796000,0.41796000,0.41796000,0.00000000,1514382779999,0.00000000,0,0.00000000,0.00000000
1514382780000,0.41794000,0.41794000,0.41794000,0.41794000,19.88000000,1514382839999,8.30864720,1,19.88000000,8.30864720
1514382840000,0.41794000,0.41794000,0.41794000,0.41794000,0.00000000,1514382899999,0.00000000,0,0.00000000,0.00000000
1514382900000,0.41794000,0.41794000,0.41794000,0.41794000,88.00000000,1514382959999,36.77872000,1,88.00000000,36.77872000
1514382960000,0.41794000,0.41796000,0.41794000,0.41796000,2264.19000000,1514383019999,946.34079580,7,2264.19000000,946.34079580
1514383020000,0.41796000,0.41796000,0.41796000,0.41796000,2.63000000,1514383079999,1.09923480,1,0.00000000,0.00000000
1514383080000,0.41796000,0.41796000,0.41796000,0.41796000,0.00000000,1514383139999,0.00000000,0,0.00000000,0.00000000
1514383140000,0.41796000,0.41796000,0.41796000,0.41796000,93.81000000,1514383199999,39.20882760,4,3.29000000,1.37508840
1514383200000,0.41796000,0.41796000,0.41796000,0.41796000,0.00000000,1514383259999,0.00000000,0,0.00000000,0.00000000
1514383260000,0.41796000,0.41796000,0.41796000,0.41796000,0.00000000,1514383319999,0.00000000,0,0.00000000,0.00000000
1514383320000,0.41796000,0.41796000,0.41796000,0.41796000,0.00000000,1514383379999,0.00000000,0,0.00000000,0.00000000
1514383380000,0.41796000,0.41796000,0.41796000,0.41796000,0.00000000,1514383439999,0.00000000,0,0.00000000,0.00000000
1514383440000,0.41796000,0.41796000,0.41796000,0.41796000,0.00000000,1514383499999,0.00000000,0,0.00000000,0.00000000
1514383500000,0.41796000,0.41796000,0.41796000,0.41796000,0.00000000,1514383559999,0.00000000,0,0.00000000,0.00000000
1514383560000,0.41796000,0.41796000,0.41796000,0.41796000,0.00000000,1514383619999,0.00000000,0,0.00000000,0.00000000
1514383620000,0.41796000,0.42471000,0.40001000,0.40001000,318.74000000,1514383679999,134.14227090,7,297.00000000,125.44605350
1514383680000,0.40001000,0.40001000,0.40001000,0.40001000,0.00000000,1514383739999,0.00000000,0,0.00000000,0.00000000
1514383740000,0.42965000,0.42965000,0.42965000,0.42965000,4.00000000,1514383799999,1.71860000,1,4.00000000,1.71860000
1514383800000,0.42965000,0.42965000,0.42965000,0.42965000,49.59000000,1514383859999,21.30634350,3,49.59000000,21.30634350
1514383860000,0.42965000,0.42965000,0.42965000,0.42965000,0.00000000,1514383919999,0.00000000,0,0.00000000,0.00000000
1514383920000,0.42965000,0.42965000,0.42965000,0.42965000,0.00000000,1514383979999,0.00000000,0,0.00000000,0.00000000
1514383980000,0.42965000,0.42965000,0.42965000,0.42965000,0.00000000,1514384039999,0.00000000,0,0.00000000,0.00000000
1514384040000,0.42965000,0.42965000,0.42965000,0.42965000,0.00000000,1514384099999,0.00000000,0,0.00000000,0.00000000
1514384100000,0.42965000,0.42965000,0.42965000,0.42965000,0.00000000,1514384159999,0.00000000,0,0.00000000,0.00000000
1514384160000,0.42965000,0.42965000,0.42965000,0.42965000,0.00000000,1514384219999,0.00000000,0,0.00000000,0.00000000
1514384220000,0.42965000,0.42965000,0.42965000,0.42965000,0.00000000,1514384279999,0.00000000,0,0.00000000,0.00000000
1514384280000,0.42965000,0.42965000,0.42965000,0.42965000,0.00000000,1514384339999,0.00000000,0,0.00000000,0.00000000
1514384340000,0.42965000,0.42965000,0.42965000,0.42965000,0.00000000,1514384399999,0.00000000,0,0.00000000,0.00000000
1514384400000,0.42965000,0.42965000,0.42965000,0.42965000,0.00000000,1514384459999,0.00000000,0,0.00000000,0.00000000
1514384460000,0.42965000,0.42965000,0.42965000,0.42965000,0.00000000,1514384519999,0.00000000,0,0.00000000,0.00000000
1514384520000,0.42961000,0.42961000,0.42961000,0.42961000,136.30000000,1514384579999,58.55584300,2,136.30000000,58.55584300
1514384580000,0.42961000,0.42961000,0.42961000,0.42961000,4.13000000,1514384639999,1.77428930,1,4.13000000,1.77428930
1514384640000,0.42961000,0.42961000,0.42961000,0.42961000,0.00000000,1514384699999,0.00000000,0,0.00000000,0.00000000
1514384700000,0.42961000,0.42961000,0.42961000,0.42961000,0.00000000,1514384759999,0.00000000,0,0.00000000,0.00000000
1514384760000,0.41003000,0.41003000,0.41003000,0.41003000,55.32000000,1514384819999,22.68285960,1,0.00000000,0.00000000
1514384820000,0.41003000,0.41003000,0.41003000,0.41003000,0.00000000,1514384879999,0.00000000,0,0.00000000,0.00000000
1514384880000,0.41003000,0.41003000,0.41003000,0.41003000,0.00000000,1514384939999,0.00000000,0,0.00000000,0.00000000
1514384940000,0.41003000,0.41003000,0.41003000,0.41003000,0.00000000,1514384999999,0.00000000,0,0.00000000,0.00000000
1514385000000,0.41003000,0.41003000,0.41003000,0.41003000,0.00000000,1514385059999,0.00000000,0,0.00000000,0.00000000
1514385060000,0.41003000,0.41003000,0.41003000,0.41003000,0.00000000,1514385119999,0.00000000,0,0.00000000,0.00000000
1514385120000,0.41003000,0.41003000,0.41003000,0.41003000,6.22000000,1514385179999,2.55038660,1,0.00000000,0.00000000
1514385180000,0.41003000,0.41003000,0.41003000,0.41003000,0.00000000,1514385239999,0.00000000,0,0.00000000,0.00000000
1514385240000,0.41003000,0.41003000,0.41003000,0.41003000,0.00000000,1514385299999,0.00000000,0,0.00000000,0.00000000
1514385300000,0.41003000,0.41003000,0.41003000,0.41003000,0.00000000,1514385359999,0.00000000,0,0.00000000,0.00000000
1514385360000,0.42946000,0.43068000,0.41003000,0.41003000,365.47000000,1514385419999,156.39509200,10,201.47000000,86.54951100
1514385420000,0.41003000,0.41003000,0.41003000,0.41003000,0.00000000,1514385479999,0.00000000,0,0.00000000,0.00000000
1514385480000,0.41003000,0.41003000,0.41003000,0.41003000,0.00000000,1514385539999,0.00000000,0,0.00000000,0.00000000
1514385540000,0.41003000,0.41003000,0.41003000,0.41003000,0.00000000,1514385599999,0.00000000,0,0.00000000,0.00000000
1514385600000,0.42000000,0.42000000,0.42000000,0.42000000,5.00000000,1514385659999,2.10000000,1,0.00000000,0.00000000
1514385660000,0.42000000,0.42000000,0.42000000,0.42000000,0.00000000,1514385719999,0.00000000,0,0.00000000,0.00000000
1514385720000,0.42000000,0.42000000,0.42000000,0.42000000,45.08000000,1514385779999,18.93360000,4,40.00000000,16.80000000
1514385780000,0.42000000,0.42000000,0.42000000,0.42000000,0.00000000,1514385839999,0.00000000,0,0.00000000,0.00000000
1514385840000,0.41013000,0.41013000,0.41013000,0.41013000,0.37000000,1514385899999,0.15174810,1,0.00000000,0.00000000
1514385900000,0.41013000,0.41013000,0.41013000,0.41013000,0.00000000,1514385959999,0.00000000,0,0.00000000,0.00000000
1514385960000,0.41013000,0.41013000,0.41013000,0.41013000,0.00000000,1514386019999,0.00000000,0,0.00000000,0.00000000
1514386020000,0.42000000,0.43067000,0.42000000,0.43067000,17.42000000,1514386079999,7.34307500,5,17.42000000,7.34307500
1514386080000,0.43000000,0.43000000,0.43000000,0.43000000,11.62000000,1514386139999,4.99660000,1,0.00000000,0.00000000
1514386140000,0.43000000,0.43000000,0.43000000,0.43000000,0.00000000,1514386199999,0.00000000,0,0.00000000,0.00000000
1514386200000,0.43000000,0.43000000,0.43000000,0.43000000,0.00000000,1514386259999,0.00000000,0,0.00000000,0.00000000
1514386260000,0.43000000,0.43000000,0.43000000,0.43000000,0.00000000,1514386319999,0.00000000,0,0.00000000,0.00000000
1514386320000,0.43000000,0.43000000,0.43000000,0.43000000,0.00000000,1514386379999,0.00000000,0,0.00000000,0.00000000
1514386380000,0.43000000,0.43000000,0.43000000,0.43000000,0.00000000,1514386439999,0.00000000,0,0.00000000,0.00000000
1514386440000,0.43000000,0.43000000,0.43000000,0.43000000,0.00000000,1514386499999,0.00000000,0,0.00000000,0.00000000
1514386500000,0.42498000,0.42498000,0.42498000,0.42498000,39.97000000,1514386559999,16.98645060,3,11.00000000,4.67478000
1514386560000,0.42498000,0.42498000,0.42498000,0.42498000,0.00000000,1514386619999,0.00000000,0,0.00000000,0.00000000
1514386620000,0.42498000,0.42498000,0.41030000,0.42498000,62.57000000,1514386679999,26.31077860,6,4.50000000,1.91241000
1514386680000,0.42495000,0.42496000,0.42495000,0.42496000,227.76000000,1514386739999,96.78846810,7,227.76000000,96.78846810
1514386740000,0.42496000,0.42498000,0.42496000,0.42498000,520.78000000,1514386799999,221.32107280,7,520.78000000,221.32107280
1514386800000,0.42498000,0.42498000,0.42498000,0.42498000,697.62000000,1514386859999,296.47454760,7,697.62000000,296.47454760
1514386860000,0.42498000,0.42498000,0.42498000,0.42498000,521.00000000,1514386919999,221.41458000,13,521.00000000,221.41458000
1514386920000,0.42498000,0.42498000,0.42498000,0.42498000,641.15000000,1514386979999,272.47592700,20,641.15000000,272.47592700
1514386980000,0.43000000,0.43068000,0.43000000,0.43068000,54.84000000,1514387039999,23.60772000,5,54.84000000,23.60772000
1514387040000,0.43068000,0.43068000,0.43068000,0.43068000,0.00000000,1514387099999,0.00000000,0,0.00000000,0.00000000
1514387100000,0.43068000,0.43068000,0.43068000,0.43068000,0.00000000,1514387159999,0.00000000,0,0.00000000,0.00000000
1514387160000,0.43068000,0.43068000,0.43068000,0.43068000,0.00000000,1514387219999,0.00000000,0,0.00000000,0.00000000
1514387220000,0.43068000,0.43068000,0.43068000,0.43068000,0.00000000,1514387279999,0.00000000,0,0.00000000,0.00000000
1514387280000,0.43001000,0.43001000,0.43001000,0.43001000,183.00000000,1514387339999,78.69183000,1,0.00000000,0.00000000
1514387340000,0.43001000,0.43001000,0.43001000,0.43001000,0.00000000,1514387399999,0.00000000,0,0.00000000,0.00000000
1514387400000,0.44295000,0.44295000,0.44295000,0.44295000,8.68000000,1514387459999,3.84480600,1,8.68000000,3.84480600
1514387460000,0.44295000,0.44295000,0.44295000,0.44295000,0.00000000,1514387519999,0.00000000,0,0.00000000,0.00000000
1514387520000,0.44291000,0.44291000,0.44291000,0.44291000,67.36000000,1514387579999,29.83441760,1,67.36000000,29.83441760
1514387580000,0.44291000,0.44291000,0.44291000,0.44291000,0.00000000,1514387639999,0.00000000,0,0.00000000,0.00000000
1514387640000,0.43001000,0.43001000,0.43001000,0.43001000,62.75000000,1514387699999,26.98312750,1,0.00000000,0.00000000
1514387700000,0.43001000,0.43001000,0.43001000,0.43001000,0.00000000,1514387759999,0.00000000,0,0.00000000,0.00000000
1514387760000,0.43001000,0.43001000,0.41750000,0.41750000,104.25000000,1514387819999,43.81523250,3,23.25000000,9.99773250
1514387820000,0.41750000,0.41750000,0.41750000,0.41750000,0.00000000,1514387879999,0.00000000,0,0.00000000,0.00000000
1514387880000,0.41750000,0.41750000,0.41750000,0.41750000,0.00000000,1514387939999,0.00000000,0,0.00000000,0.00000000
1514387940000,0.41750000,0.41750000,0.41750000,0.41750000,0.00000000,1514387999999,0.00000000,0,0.00000000,0.00000000
1514388000000,0.41750000,0.41750000,0.41750000,0.41750000,0.00000000,1514388059999,0.00000000,0,0.00000000,0.00000000
1514388060000,0.41750000,0.41750000,0.41750000,0.41750000,0.00000000,1514388119999,0.00000000,0,0.00000000,0.00000000
1514388120000,0.41750000,0.41750000,0.41750000,0.41750000,0.00000000,1514388179999,0.00000000,0,0.00000000,0.00000000
1514388180000,0.41750000,0.41750000,0.41750000,0.41750000,0.00000000,1514388239999,0.00000000,0,0.00000000,0.00000000
1514388240000,0.41750000,0.41750000,0.41750000,0.41750000,0.00000000,1514388299999,0.00000000,0,0.00000000,0.00000000
1514388300000,0.41750000,0.41750000,0.41750000,0.41750000,0.00000000,1514388359999,0.00000000,0,0.00000000,0.00000000
1514388360000,0.41750000,0.41750000,0.41750000,0.41750000,0.00000000,1514388419999,0.00000000,0,0.00000000,0.00000000
1514388420000,0.41750000,0.41750000,0.41750000,0.41750000,0.00000000,1514388479999,0.00000000,0,0.00000000,0.00000000
1514388480000,0.41750000,0.41750000,0.41750000,0.41750000,0.00000000,1514388539999,0.00000000,0,0.00000000,0.00000000
1514388540000,0.41750000,0.41750000,0.41750000,0.41750000,0.00000000,1514388599999,0.00000000,0,0.00000000,0.00000000
1514388600000,0.41750000,0.41750000,0.41750000,0.41750000,0.00000000,1514388659999,0.00000000,0,0.00000000,0.00000000
1514388660000,0.41750000,0.41750000,0.41750000,0.41750000,0.00000000,1514388719999,0.00000000,0,0.00000000,0.00000000
1514388720000,0.41750000,0.41750000,0.41750000,0.41750000,0.00000000,1514388779999,0.00000000,0,0.00000000,0.00000000
1514388780000,0.41750000,0.41750000,0.41750000,0.41750000,0.00000000,1514388839999,0.00000000,0,0.00000000,0.00000000
1514388840000,0.41750000,0.43001000,0.41750000,0.43001000,90.43000000,1514388899999,38.76783500,4,90.43000000,38.76783500
1514388900000,0.43001000,0.43001000,0.43001000,0.43001000,120.00000000,1514388959999,51.60120000,4,119.70000000,51.47219700
1514388960000,0.43001000,0.43001000,0.43001000,0.43001000,334.18000000,1514389019999,143.70074180,4,16.70000000,7.18116700
1514389020000,0.43001000,0.43001000,0.43001000,0.43001000,0.00000000,1514389079999,0.00000000,0,0.00000000,0.00000000
1514389080000,0.42990000,0.42990000,0.42990000,0.42990000,188.83000000,1514389139999,81.17801700,2,0.00000000,0.00000000
1514389140000,0.42990000,0.42990000,0.42990000,0.42990000,0.00000000,1514389199999,0.00000000,0,0.00000000,0.00000000
1514389200000,0.42990000,0.42990000,0.42990000,0.42990000,100.00000000,1514389259999,42.99000000,1,100.00000000,42.99000000
1514389260000,0.42988000,0.42988000,0.42988000,0.42988000,22.00000000,1514389319999,9.45736000,1,22.00000000,9.45736000
1514389320000,0.42988000,0.42988000,0.42988000,0.42988000,0.00000000,1514389379999,0.00000000,0,0.00000000,0.00000000
1514389380000,0.42988000,0.42988000,0.42988000,0.42988000,0.00000000,1514389439999,0.00000000,0,0.00000000,0.00000000
1514389440000,0.42988000,0.42988000,0.42988000,0.42988000,122.14000000,1514389499999,52.50554320,3,0.00000000,0.00000000
1514389500000,0.42988000,0.42988000,0.42988000,0.42988000,0.00000000,1514389559999,0.00000000,0,0.00000000,0.00000000
1514389560000,0.42988000,0.42988000,0.42988000,0.42988000,0.00000000,1514389619999,0.00000000,0,0.00000000,0.00000000
1514389620000,0.42988000,0.42988000,0.42988000,0.42988000,0.00000000,1514389679999,0.00000000,0,0.00000000,0.00000000
1514389680000,0.42988000,0.42988000,0.42988000,0.42988000,0.00000000,1514389739999,0.00000000,0,0.00000000,0.00000000
1514389740000,0.42896000,0.42896000,0.42896000,0.42896000,31.00000000,1514389799999,13.29776000,1,31.00000000,13.29776000
1514389800000,0.42896000,0.42896000,0.42896000,0.42896000,0.00000000,1514389859999,0.00000000,0,0.00000000,0.00000000
1514389860000,0.42896000,0.42896000,0.42896000,0.42896000,0.00000000,1514389919999,0.00000000,0,0.00000000,0.00000000
1514389920000,0.42896000,0.42896000,0.42896000,0.42896000,0.00000000,1514389979999,0.00000000,0,0.00000000,0.00000000
1514389980000,0.42896000,0.42896000,0.42896000,0.42896000,0.00000000,1514390039999,0.00000000,0,0.00000000,0.00000000
1514390040000,0.42896000,0.42896000,0.42896000,0.42896000,0.00000000,1514390099999,0.00000000,0,0.00000000,0.00000000
1514390100000,0.42896000,0.42896000,0.42896000,0.42896000,16.95000000,1514390159999,7.27087200,2,0.95000000,0.40751200
1514390160000,0.42896000,0.42896000,0.42896000,0.42896000,0.55000000,1514390219999,0.23592800,1,0.00000000,0.00000000
1514390220000,0.42896000,0.42896000,0.42896000,0.42896000,0.00000000,1514390279999,0.00000000,0,0.00000000,0.00000000
1514390280000,0.42897000,0.42990000,0.42897000,0.42990000,153.00000000,1514390339999,65.66217000,4,153.00000000,65.66217000
1514390340000,0.42990000,0.42990000,0.42990000,0.42990000,0.00000000,1514390399999,0.00000000,0,0.00000000,0.00000000
1514390400000,0.42990000,0.42990000,0.42990000,0.42990000,0.00000000,1514390459999,0.00000000,0,0.00000000,0.00000000
1514390460000,0.42990000,0.42990000,0.42990000,0.42990000,54.87000000,1514390519999,23.58861300,2,54.87000000,23.58861300
1514390520000,0.42990000,0.42990000,0.42990000,0.42990000,4.00000000,1514390579999,1.71960000,1,4.00000000,1.71960000
1514390580000,0.42990000,0.43450000,0.42990000,0.43450000,50.00000000,1514390639999,21.57642000,2,50.00000000,21.57642000
1514390640000,0.43450000,0.43450000,0.43450000,0.43450000,0.00000000,1514390699999,0.00000000,0,0.00000000,0.00000000
1514390700000,0.43450000,0.43450000,0.43450000,0.43450000,0.22000000,1514390759999,0.09559000,1,0.22000000,0.09559000
1514390760000,0.43450000,0.43450000,0.43450000,0.43450000,0.00000000,1514390819999,0.00000000,0,0.00000000,0.00000000
1514390820000,0.43450000,0.43450000,0.43450000,0.43450000,0.00000000,1514390879999,0.00000000,0,0.00000000,0.00000000
1514390880000,0.43450000,0.43450000,0.43450000,0.43450000,0.00000000,1514390939999,0.00000000,0,0.00000000,0.00000000
1514390940000,0.43450000,0.43450000,0.43450000,0.43450000,0.00000000,1514390999999,0.00000000,0,0.00000000,0.00000000
1514391000000,0.43450000,0.43450000,0.43450000,0.43450000,0.00000000,1514391059999,0.00000000,0,0.00000000,0.00000000
1514391060000,0.43450000,0.43450000,0.43450000,0.43450000,9.07000000,1514391119999,3.94091500,3,5.57000000,2.42016500
1514391120000,0.43450000,0.43450000,0.43450000,0.43450000,0.00000000,1514391179999,0.00000000,0,0.00000000,0.00000000
1514391180000,0.43450000,0.43450000,0.43450000,0.43450000,0.00000000,1514391239999,0.00000000,0,0.00000000,0.00000000
1514391240000,0.44289000,0.44296000,0.44289000,0.44296000,532.17000000,1514391299999,235.70877490,8,529.17000000,234.38010490
1514391300000,0.44938000,0.44938000,0.44938000,0.44938000,8.00000000,1514391359999,3.59504000,2,8.00000000,3.59504000
1514391360000,0.44294000,0.44294000,0.44293000,0.44293000,288.23000000,1514391419999,127.66848620,3,0.00000000,0.00000000
1514391420000,0.44293000,0.46595000,0.43450000,0.46595000,224.96000000,1514391479999,100.59965030,8,60.00000000,27.77375100
1514391480000,0.46595000,0.46595000,0.46595000,0.46595000,0.00000000,1514391539999,0.00000000,0,0.00000000,0.00000000
1514391540000,0.45250000,0.45971000,0.45250000,0.45971000,70.00000000,1514391599999,31.80759190,3,70.00000000,31.80759190
1514391600000,0.45971000,0.45971000,0.45971000,0.45971000,0.00000000,1514391659999,0.00000000,0,0.00000000,0.00000000
1514391660000,0.45973000,0.45973000,0.45973000,0.45973000,1.93000000,1514391719999,0.88727890,1,1.93000000,0.88727890
1514391720000,0.44002000,0.44002000,0.44002000,0.44002000,26.84000000,1514391779999,11.81013680,1,0.00000000,0.00000000
1514391780000,0.44002000,0.44002000,0.44002000,0.44002000,0.00000000,1514391839999,0.00000000,0,0.00000000,0.00000000
1514391840000,0.44002000,0.44002000,0.44002000,0.44002000,0.00000000,1514391899999,0.00000000,0,0.00000000,0.00000000
1514391900000,0.44002000,0.44002000,0.44002000,0.44002000,0.00000000,1514391959999,0.00000000,0,0.00000000,0.00000000
1514391960000,0.44002000,0.44002000,0.44002000,0.44002000,0.00000000,1514392019999,0.00000000,0,0.00000000,0.00000000
1514392020000,0.46868000,0.46868000,0.46868000,0.46868000,3.00000000,1514392079999,1.40604000,1,3.00000000,1.40604000
1514392080000,0.46868000,0.46868000,0.46868000,0.46868000,0.00000000,1514392139999,0.00000000,0,0.00000000,0.00000000
1514392140000,0.46859000,0.46859000,0.46777000,0.46777000,392.82000000,1514392199999,183.88963220,9,387.82000000,181.54968220
1514392200000,0.46777000,0.46777000,0.46777000,0.46777000,0.00000000,1514392259999,0.00000000,0,0.00000000,0.00000000
1514392260000,0.46777000,0.46777000,0.46777000,0.46777000,0.00000000,1514392319999,0.00000000,0,0.00000000,0.00000000
1514392320000,0.46400000,0.46777000,0.46400000,0.46400000,30.57000000,1514392379999,14.23650600,5,7.56000000,3.53634120
1514392380000,0.46400000,0.46400000,0.46400000,0.46400000,54.53000000,1514392439999,25.30192000,2,14.99000000,6.95536000
1514392440000,0.46400000,0.46400000,0.46400000,0.46400000,14.72000000,1514392499999,6.83008000,2,14.72000000,6.83008000
1514392500000,0.46400000,0.46400000,0.46400000,0.46400000,16.41000000,1514392559999,7.61424000,1,16.41000000,7.61424000
1514392560000,0.46400000,0.46400000,0.46400000,0.46400000,8.61000000,1514392619999,3.99504000,1,8.61000000,3.99504000
1514392620000,0.46400000,0.46400000,0.46400000,0.46400000,0.00000000,1514392679999,0.00000000,0,0.00000000,0.00000000
1514392680000,0.46400000,0.46400000,0.46400000,0.46400000,0.00000000,1514392739999,0.00000000,0,0.00000000,0.00000000
1514392740000,0.46400000,0.46400000,0.46400000,0.46400000,9.69000000,1514392799999,4.49616000,3,0.72000000,0.33408000
1514392800000,0.46400000,0.46400000,0.46400000,0.46400000,0.00000000,1514392859999,0.00000000,0,0.00000000,0.00000000
1514392860000,0.46400000,0.46400000,0.46400000,0.46400000,0.00000000,1514392919999,0.00000000,0,0.00000000,0.00000000
1514392920000,0.46400000,0.46400000,0.46400000,0.46400000,0.00000000,1514392979999,0.00000000,0,0.00000000,0.00000000
1514392980000,0.44938000,0.44938000,0.44938000,0.44938000,4.30000000,1514393039999,1.93233400,2,4.30000000,1.93233400
1514393040000,0.44938000,0.44938000,0.44938000,0.44938000,0.00000000,1514393099999,0.00000000,0,0.00000000,0.00000000
1514393100000,0.44938000,0.44938000,0.44938000,0.44938000,0.00000000,1514393159999,0.00000000,0,0.00000000,0.00000000
1514393160000,0.44938000,0.44938000,0.44938000,0.44938000,0.00000000,1514393219999,0.00000000,0,0.00000000,0.00000000
1514393220000,0.44938000,0.44938000,0.44938000,0.44938000,0.00000000,1514393279999,0.00000000,0,0.00000000,0.00000000
1514393280000,0.45898000,0.45898000,0.45898000,0.45898000,4.64000000,1514393339999,2.12966720,2,4.64000000,2.12966720
1514393340000,0.46100000,0.46100000,0.46100000,0.46100000,99.67000000,1514393399999,45.94787000,5,99.67000000,45.94787000
1514393400000,0.46100000,0.46100000,0.46100000,0.46100000,0.00000000,1514393459999,0.00000000,0,0.00000000,0.00000000
1514393460000,0.44414000,0.46100000,0.44414000,0.46100000,78.75000000,1514393519999,35.62344900,4,40.75000000,18.10544900
1514393520000,0.46100000,0.46100000,0.44455000,0.44455000,3.65000000,1514393579999,1.67245100,2,0.00000000,0.00000000
1514393580000,0.44455000,0.44455000,0.44455000,0.44455000,0.00000000,1514393639999,0.00000000,0,0.00000000,0.00000000
1514393640000,0.44455000,0.44455000,0.44455000,0.44455000,0.00000000,1514393699999,0.00000000,0,0.00000000,0.00000000
1514393700000,0.44500000,0.44500000,0.44500000,0.44500000,31.25000000,1514393759999,13.90625000,2,0.00000000,0.00000000
1514393760000,0.44500000,0.44500000,0.44500000,0.44500000,0.00000000,1514393819999,0.00000000,0,0.00000000,0.00000000
1514393820000,0.45550000,0.45550000,0.45550000,0.45550000,2.44000000,1514393879999,1.11142000,1,0.00000000,0.00000000
1514393880000,0.45550000,0.45550000,0.45550000,0.45550000,62.31000000,1514393939999,28.38220500,2,1.66000000,0.75613000
1514393940000,0.45550000,0.45550000,0.45550000,0.45550000,3.18000000,1514393999999,1.44849000,1,0.00000000,0.00000000
1514394000000,0.45550000,0.45550000,0.45550000,0.45550000,0.00000000,1514394059999,0.00000000,0,0.00000000,0.00000000
1514394060000,0.45550000,0.45550000,0.45550000,0.45550000,21.60000000,1514394119999,9.83880000,1,0.00000000,0.00000000
1514394120000,0.45550000,0.45550000,0.45550000,0.45550000,0.00000000,1514394179999,0.00000000,0,0.00000000,0.00000000
1514394180000,0.45500000,0.45500000,0.45500000,0.45500000,9.00000000,1514394239999,4.09500000,1,0.00000000,0.00000000
1514394240000,0.45500000,0.45500000,0.45500000,0.45500000,16.00000000,1514394299999,7.28000000,2,16.00000000,7.28000000
1514394300000,0.45000000,0.45000000,0.45000000,0.45000000,1.20000000,1514394359999,0.54000000,1,0.00000000,0.00000000
1514394360000,0.45000000,0.45000000,0.45000000,0.45000000,0.00000000,1514394419999,0.00000000,0,0.00000000,0.00000000
1514394420000,0.45497000,0.45550000,0.45497000,0.45550000,98.29000000,1514394479999,44.73230520,9,98.29000000,44.73230520
1514394480000,0.46400000,0.47750000,0.46400000,0.47750000,20.00000000,1514394539999,9.44159500,2,20.00000000,9.44159500
1514394540000,0.47750000,0.47750000,0.47750000,0.47750000,0.00000000,1514394599999,0.00000000,0,0.00000000,0.00000000
1514394600000,0.45552000,0.45552000,0.45552000,0.45552000,2.40000000,1514394659999,1.09324800,1,0.00000000,0.00000000
1514394660000,0.45554000,0.45554000,0.45550000,0.45554000,511.10000000,1514394719999,232.82027400,10,361.92000000,164.86456080
1514394720000,0.45554000,0.45554000,0.45554000,0.45554000,13.90000000,1514394779999,6.33200600,1,13.90000000,6.33200600
1514394780000,0.45554000,0.45554000,0.45554000,0.45554000,0.00000000,1514394839999,0.00000000,0,0.00000000,0.00000000
1514394840000,0.45554000,0.45554000,0.45554000,0.45554000,0.10000000,1514394899999,0.04555400,1,0.00000000,0.00000000
1514394900000,0.44403000,0.44403000,0.44403000,0.44403000,30.90000000,1514394959999,13.72052700,3,0.00000000,0.00000000
1514394960000,0.44402000,0.44402000,0.44400000,0.44400000,375.00000000,1514395019999,166.50744000,10,0.00000000,0.00000000
1514395020000,0.44400000,0.44400000,0.44400000,0.44400000,0.00000000,1514395079999,0.00000000,0,0.00000000,0.00000000
1514395080000,0.43450000,0.43450000,0.43450000,0.43450000,17.55000000,1514395139999,7.62547500,1,0.00000000,0.00000000
1514395140000,0.43450000,0.43450000,0.43450000,0.43450000,0.00000000,1514395199999,0.00000000,0,0.00000000,0.00000000
1514395200000,0.43450000,0.43450000,0.43450000,0.43450000,0.00000000,1514395259999,0.00000000,0,0.00000000,0.00000000
1514395260000,0.43450000,0.43450000,0.43450000,0.43450000,0.00000000,1514395319999,0.00000000,0,0.00000000,0.00000000
1514395320000,0.42682000,0.42682000,0.42682000,0.42682000,2.13000000,1514395379999,0.90912660,1,0.00000000,0.00000000
1514395380000,0.42682000,0.42682000,0.42682000,0.42682000,0.00000000,1514395439999,0.00000000,0,0.00000000,0.00000000
1514395440000,0.43450000,0.43450000,0.43450000,0.43450000,2.50000000,1514395499999,1.08625000,2,2.50000000,1.08625000
1514395500000,0.43450000,0.43450000,0.43450000,0.43450000,68.18000000,1514395559999,29.62421000,2,68.18000000,29.62421000
1514395560000,0.43450000,0.43450000,0.43450000,0.43450000,113.20000000,1514395619999,49.18540000,3,0.00000000,0.00000000
1514395620000,0.43450000,0.43450000,0.43450000,0.43450000,0.00000000,1514395679999,0.00000000,0,0.00000000,0.00000000
1514395680000,0.43450000,0.43450000,0.43450000,0.43450000,0.00000000,1514395739999,0.00000000,0,0.00000000,0.00000000
1514395740000,0.43450000,0.43450000,0.43450000,0.43450000,0.00000000,1514395799999,0.00000000,0,0.00000000,0.00000000
1514395800000,0.43450000,0.43450000,0.43450000,0.43450000,0.00000000,1514395859999,0.00000000,0,0.00000000,0.00000000
1514395860000,0.43450000,0.43450000,0.43450000,0.43450000,0.00000000,1514395919999,0.00000000,0,0.00000000,0.00000000
1514395920000,0.43450000,0.43450000,0.43450000,0.43450000,0.00000000,1514395979999,0.00000000,0,0.00000000,0.00000000
1514395980000,0.43450000,0.43450000,0.43450000,0.43450000,0.00000000,1514396039999,0.00000000,0,0.00000000,0.00000000
1514396040000,0.43450000,0.43450000,0.43450000,0.43450000,0.00000000,1514396099999,0.00000000,0,0.00000000,0.00000000
1514396100000,0.42682000,0.42682000,0.41750000,0.41750000,40.00000000,1514396159999,16.88650000,3,0.00000000,0.00000000
1514396160000,0.41750000,0.41750000,0.41750000,0.41750000,0.00000000,1514396219999,0.00000000,0,0.00000000,0.00000000
1514396220000,0.41750000,0.41750000,0.41750000,0.41750000,0.00000000,1514396279999,0.00000000,0,0.00000000,0.00000000
1514396280000,0.41750000,0.41750000,0.41750000,0.41750000,0.00000000,1514396339999,0.00000000,0,0.00000000,0.00000000
1514396340000,0.41750000,0.41750000,0.41750000,0.41750000,0.00000000,1514396399999,0.00000000,0,0.00000000,0.00000000
1514396400000,0.41750000,0.41750000,0.41750000,0.41750000,0.00000000,1514396459999,0.00000000,0,0.00000000,0.00000000
1514396460000,0.41750000,0.41750000,0.41750000,0.41750000,0.00000000,1514396519999,0.00000000,0,0.00000000,0.00000000
1514396520000,0.41750000,0.41750000,0.41750000,0.41750000,0.00000000,1514396579999,0.00000000,0,0.00000000,0.00000000
1514396580000,0.42682000,0.42682000,0.42682000,0.42682000,5.00000000,1514396639999,2.13410000,1,5.00000000,2.13410000
1514396640000,0.42682000,0.42682000,0.42682000,0.42682000,55.00000000,1514396699999,23.47510000,3,55.00000000,23.47510000
1514396700000,0.42682000,0.42682000,0.42682000,0.42682000,0.00000000,1514396759999,0.00000000,0,0.00000000,0.00000000
1514396760000,0.42682000,0.42682000,0.42682000,0.42682000,0.00000000,1514396819999,0.00000000,0,0.00000000,0.00000000
1514396820000,0.42682000,0.42682000,0.42682000,0.42682000,0.00000000,1514396879999,0.00000000,0,0.00000000,0.00000000
1514396880000,0.42682000,0.42682000,0.42682000,0.42682000,0.00000000,1514396939999,0.00000000,0,0.00000000,0.00000000
1514396940000,0.42682000,0.42682000,0.42682000,0.42682000,0.00000000,1514396999999,0.00000000,0,0.00000000,0.00000000
1514397000000,0.44271000,0.44271000,0.44271000,0.44271000,27.00000000,1514397059999,11.95317000,1,27.00000000,11.95317000
1514397060000,0.44271000,0.44271000,0.44271000,0.44271000,244.00000000,1514397119999,108.02124000,2,244.00000000,108.02124000
1514397120000,0.44271000,0.44271000,0.44271000,0.44271000,0.00000000,1514397179999,0.00000000,0,0.00000000,0.00000000
1514397180000,0.44271000,0.44271000,0.44271000,0.44271000,0.00000000,1514397239999,0.00000000,0,0.00000000,0.00000000
1514397240000,0.44271000,0.44271000,0.44271000,0.44271000,0.00000000,1514397299999,0.00000000,0,0.00000000,0.00000000
1514397300000,0.44271000,0.44271000,0.44271000,0.44271000,0.00000000,1514397359999,0.00000000,0,0.00000000,0.00000000
1514397360000,0.44271000,0.44271000,0.44271000,0.44271000,0.00000000,1514397419999,0.00000000,0,0.00000000,0.00000000
1514397420000,0.44271000,0.44271000,0.44271000,0.44271000,0.00000000,1514397479999,0.00000000,0,0.00000000,0.00000000
1514397480000,0.44272000,0.44272000,0.44271000,0.44271000,85.82000000,1514397539999,37.99420040,6,45.00000000,19.92240000
1514397540000,0.44272000,0.44272000,0.44272000,0.44272000,22.93000000,1514397599999,10.15156960,6,22.93000000,10.15156960
1514397600000,0.44272000,0.44272000,0.44272000,0.44272000,0.00000000,1514397659999,0.00000000,0,0.00000000,0.00000000
1514397660000,0.44276000,0.44276000,0.44276000,0.44276000,15.00000000,1514397719999,6.64140000,2,15.00000000,6.64140000
1514397720000,0.44276000,0.44276000,0.44276000,0.44276000,0.00000000,1514397779999,0.00000000,0,0.00000000,0.00000000
1514397780000,0.44276000,0.44276000,0.44276000,0.44276000,0.00000000,1514397839999,0.00000000,0,0.00000000,0.00000000
1514397840000,0.44272000,0.44272000,0.44272000,0.44272000,27.00000000,1514397899999,11.95344000,2,0.00000000,0.00000000
1514397900000,0.44272000,0.44272000,0.44272000,0.44272000,94.80000000,1514397959999,41.96985600,6,0.00000000,0.00000000
1514397960000,0.44272000,0.44272000,0.44272000,0.44272000,50.27000000,1514398019999,22.25553440,1,50.27000000,22.25553440
1514398020000,0.44272000,0.44272000,0.44272000,0.44272000,0.00000000,1514398079999,0.00000000,0,0.00000000,0.00000000
1514398080000,0.44250000,0.44250000,0.44250000,0.44250000,25.84000000,1514398139999,11.43420000,1,0.00000000,0.00000000
1514398140000,0.44250000,0.44250000,0.44250000,0.44250000,0.00000000,1514398199999,0.00000000,0,0.00000000,0.00000000
1514398200000,0.44250000,0.44250000,0.44250000,0.44250000,0.00000000,1514398259999,0.00000000,0,0.00000000,0.00000000
1514398260000,0.44250000,0.44250000,0.44250000,0.44250000,0.00000000,1514398319999,0.00000000,0,0.00000000,0.00000000
1514398320000,0.44250000,0.44250000,0.44250000,0.44250000,0.00000000,1514398379999,0.00000000,0,0.00000000,0.00000000
1514398380000,0.44250000,0.45941000,0.44250000,0.45941000,69.00000000,1514398439999,31.35838440,3,69.00000000,31.35838440
1514398440000,0.45941000,0.45941000,0.45941000,0.45941000,0.00000000,1514398499999,0.00000000,0,0.00000000,0.00000000
1514398500000,0.45941000,0.45941000,0.45941000,0.45941000,0.00000000,1514398559999,0.00000000,0,0.00000000,0.00000000
1514398560000,0.45941000,0.45941000,0.45941000,0.45941000,0.00000000,1514398619999,0.00000000,0,0.00000000,0.00000000
1514398620000,0.45941000,0.45941000,0.45941000,0.45941000,0.00000000,1514398679999,0.00000000,0,0.00000000,0.00000000
1514398680000,0.45941000,0.45941000,0.45941000,0.45941000,0.00000000,1514398739999,0.00000000,0,0.00000000,0.00000000
1514398740000,0.45941000,0.45941000,0.45941000,0.45941000,0.00000000,1514398799999,0.00000000,0,0.00000000,0.00000000
1514398800000,0.45941000,0.45941000,0.45941000,0.45941000,0.00000000,1514398859999,0.00000000,0,0.00000000,0.00000000
1514398860000,0.45941000,0.45941000,0.45941000,0.45941000,0.00000000,1514398919999,0.00000000,0,0.00000000,0.00000000
1514398920000,0.45941000,0.45941000,0.45941000,0.45941000,0.00000000,1514398979999,0.00000000,0,0.00000000,0.00000000
1514398980000,0.45941000,0.45941000,0.45941000,0.45941000,0.00000000,1514399039999,0.00000000,0,0.00000000,0.00000000
1514399040000,0.45941000,0.45941000,0.45941000,0.45941000,0.00000000,1514399099999,0.00000000,0,0.00000000,0.00000000
1514399100000,0.45941000,0.45941000,0.45941000,0.45941000,0.00000000,1514399159999,0.00000000,0,0.00000000,0.00000000
1514399160000,0.45941000,0.45941000,0.45941000,0.45941000,0.00000000,1514399219999,0.00000000,0,0.00000000,0.00000000
1514399220000,0.45908000,0.45908000,0.45908000,0.45908000,5.76000000,1514399279999,2.64430080,1,5.76000000,2.64430080
1514399280000,0.45908000,0.45908000,0.45908000,0.45908000,221.19000000,1514399339999,101.54390520,4,98.24000000,45.10001920
1514399340000,0.45908000,0.45908000,0.45908000,0.45908000,0.00000000,1514399399999,0.00000000,0,0.00000000,0.00000000
1514399400000,0.45908000,0.45908000,0.45908000,0.45908000,0.00000000,1514399459999,0.00000000,0,0.00000000,0.00000000
1514399460000,0.45908000,0.45908000,0.45908000,0.45908000,0.00000000,1514399519999,0.00000000,0,0.00000000,0.00000000
1514399520000,0.45908000,0.45908000,0.45908000,0.45908000,0.00000000,1514399579999,0.00000000,0,0.00000000,0.00000000
1514399580000,0.42706000,0.42706000,0.42706000,0.42706000,9.70000000,1514399639999,4.14248200,1,0.00000000,0.00000000
1514399640000,0.42706000,0.42706000,0.42706000,0.42706000,0.00000000,1514399699999,0.00000000,0,0.00000000,0.00000000
1514399700000,0.42706000,0.42706000,0.42706000,0.42706000,0.00000000,1514399759999,0.00000000,0,0.00000000,0.00000000
1514399760000,0.42706000,0.42706000,0.42706000,0.42706000,0.00000000,1514399819999,0.00000000,0,0.00000000,0.00000000
1514399820000,0.42706000,0.42706000,0.42706000,0.42706000,0.00000000,1514399879999,0.00000000,0,0.00000000,0.00000000
1514399880000,0.42706000,0.42706000,0.42706000,0.42706000,0.00000000,1514399939999,0.00000000,0,0.00000000,0.00000000
1514399940000,0.42706000,0.42706000,0.42706000,0.42706000,0.00000000,1514399999999,0.00000000,0,0.00000000,0.00000000
1514400000000,0.42706000,0.42706000,0.42706000,0.42706000,0.00000000,1514400059999,0.00000000,0,0.00000000,0.00000000
1514400060000,0.42706000,0.42706000,0.42706000,0.42706000,0.00000000,1514400119999,0.00000000,0,0.00000000,0.00000000
1514400120000,0.42706000,0.42706000,0.42706000,0.42706000,0.00000000,1514400179999,0.00000000,0,0.00000000,0.00000000
1514400180000,0.42706000,0.42706000,0.42706000,0.42706000,0.00000000,1514400239999,0.00000000,0,0.00000000,0.00000000
1514400240000,0.42706000,0.42706000,0.42706000,0.42706000,0.00000000,1514400299999,0.00000000,0,0.00000000,0.00000000
1514400300000,0.42706000,0.42706000,0.42706000,0.42706000,0.00000000,1514400359999,0.00000000,0,0.00000000,0.00000000
1514400360000,0.42706000,0.42706000,0.42706000,0.42706000,0.00000000,1514400419999,0.00000000,0,0.00000000,0.00000000
1514400420000,0.42706000,0.42706000,0.42706000,0.42706000,0.00000000,1514400479999,0.00000000,0,0.00000000,0.00000000
1514400480000,0.42706000,0.42706000,0.42706000,0.42706000,0.00000000,1514400539999,0.00000000,0,0.00000000,0.00000000
1514400540000,0.42706000,0.42706000,0.42706000,0.42706000,0.00000000,1514400599999,0.00000000,0,0.00000000,0.00000000
1514400600000,0.42706000,0.42706000,0.42706000,0.42706000,0.00000000,1514400659999,0.00000000,0,0.00000000,0.00000000
1514400660000,0.42706000,0.42706000,0.42706000,0.42706000,0.00000000,1514400719999,0.00000000,0,0.00000000,0.00000000
1514400720000,0.42706000,0.42706000,0.42706000,0.42706000,0.00000000,1514400779999,0.00000000,0,0.00000000,0.00000000
1514400780000,0.42711000,0.42711000,0.42711000,0.42711000,38.58000000,1514400839999,16.47790380,1,0.00000000,0.00000000
1514400840000,0.42711000,0.42711000,0.42711000,0.42711000,0.00000000,1514400899999,0.00000000,0,0.00000000,0.00000000
1514400900000,0.42711000,0.42711000,0.42711000,0.42711000,0.00000000,1514400959999,0.00000000,0,0.00000000,0.00000000
1514400960000,0.42711000,0.42711000,0.42711000,0.42711000,0.00000000,1514401019999,0.00000000,0,0.00000000,0.00000000
1514401020000,0.42711000,0.42711000,0.42711000,0.42711000,0.00000000,1514401079999,0.00000000,0,0.00000000,0.00000000
1514401080000,0.42711000,0.42711000,0.42711000,0.42711000,0.00000000,1514401139999,0.00000000,0,0.00000000,0.00000000
1514401140000,0.42711000,0.42711000,0.42711000,0.42711000,0.00000000,1514401199999,0.00000000,0,0.00000000,0.00000000
1514401200000,0.42711000,0.42711000,0.42711000,0.42711000,0.00000000,1514401259999,0.00000000,0,0.00000000,0.00000000
1514401260000,0.42711000,0.42711000,0.42711000,0.42711000,0.00000000,1514401319999,0.00000000,0,0.00000000,0.00000000
1514401320000,0.42711000,0.42711000,0.42711000,0.42711000,0.00000000,1514401379999,0.00000000,0,0.00000000,0.00000000
1514401380000,0.42711000,0.42711000,0.42711000,0.42711000,0.00000000,1514401439999,0.00000000,0,0.00000000,0.00000000
1514401440000,0.42711000,0.42711000,0.42711000,0.42711000,0.00000000,1514401499999,0.00000000,0,0.00000000,0.00000000
1514401500000,0.42711000,0.42711000,0.42711000,0.42711000,0.00000000,1514401559999,0.00000000,0,0.00000000,0.00000000
1514401560000,0.42711000,0.42711000,0.42711000,0.42711000,0.00000000,1514401619999,0.00000000,0,0.00000000,0.00000000
1514401620000,0.42711000,0.42711000,0.42711000,0.42711000,0.00000000,1514401679999,0.00000000,0,0.00000000,0.00000000
1514401680000,0.42711000,0.42711000,0.42711000,0.42711000,0.00000000,1514401739999,0.00000000,0,0.00000000,0.00000000
1514401740000,0.42711000,0.42711000,0.42711000,0.42711000,0.00000000,1514401799999,0.00000000,0,0.00000000,0.00000000
1514401800000,0.42711000,0.42711000,0.42711000,0.42711000,0.00000000,1514401859999,0.00000000,0,0.00000000,0.00000000
1514401860000,0.42711000,0.42711000,0.42711000,0.42711000,0.00000000,1514401919999,0.00000000,0,0.00000000,0.00000000
1514401920000,0.42713000,0.42713000,0.42713000,0.42713000,29.08000000,1514401979999,12.42094040,1,0.00000000,0.00000000
1514401980000,0.42713000,0.42713000,0.42713000,0.42713000,0.00000000,1514402039999,0.00000000,0,0.00000000,0.00000000
1514402040000,0.42713000,0.42713000,0.42713000,0.42713000,0.00000000,1514402099999,0.00000000,0,0.00000000,0.00000000
1514402100000,0.42713000,0.42713000,0.42713000,0.42713000,0.00000000,1514402159999,0.00000000,0,0.00000000,0.00000000
1514402160000,0.42713000,0.42713000,0.42713000,0.42713000,0.00000000,1514402219999,0.00000000,0,0.00000000,0.00000000
1514402220000,0.42713000,0.42713000,0.42713000,0.42713000,0.00000000,1514402279999,0.00000000,0,0.00000000,0.00000000
1514402280000,0.42713000,0.42713000,0.42713000,0.42713000,0.00000000,1514402339999,0.00000000,0,0.00000000,0.00000000
1514402340000,0.42713000,0.42713000,0.42713000,0.42713000,0.00000000,1514402399999,0.00000000,0,0.00000000,0.00000000
1514402400000,0.42713000,0.42713000,0.42713000,0.42713000,0.00000000,1514402459999,0.00000000,0,0.00000000,0.00000000
1514402460000,0.42713000,0.42713000,0.42713000,0.42713000,0.00000000,1514402519999,0.00000000,0,0.00000000,0.00000000
1514402520000,0.42722000,0.42722000,0.42722000,0.42722000,6.20000000,1514402579999,2.64876400,2,0.00000000,0.00000000
1514402580000,0.42722000,0.42722000,0.42722000,0.42722000,110.00000000,1514402639999,46.99420000,4,0.00000000,0.00000000
1514402640000,0.42722000,0.42722000,0.42722000,0.42722000,158.00000000,1514402699999,67.50076000,1,0.00000000,0.00000000
1514402700000,0.42722000,0.42722000,0.42722000,0.42722000,0.00000000,1514402759999,0.00000000,0,0.00000000,0.00000000
1514402760000,0.42722000,0.42722000,0.42722000,0.42722000,105.00000000,1514402819999,44.85810000,1,0.00000000,0.00000000
1514402820000,0.42722000,0.42722000,0.42722000,0.42722000,0.00000000,1514402879999,0.00000000,0,0.00000000,0.00000000
1514402880000,0.42722000,0.42722000,0.42722000,0.42722000,0.00000000,1514402939999,0.00000000,0,0.00000000,0.00000000
1514402940000,0.42722000,0.42722000,0.42722000,0.42722000,0.00000000,1514402999999,0.00000000,0,0.00000000,0.00000000
1514403000000,0.42722000,0.42722000,0.42722000,0.42722000,0.00000000,1514403059999,0.00000000,0,0.00000000,0.00000000
1514403060000,0.42722000,0.42722000,0.42722000,0.42722000,0.00000000,1514403119999,0.00000000,0,0.00000000,0.00000000
1514403120000,0.42722000,0.42722000,0.42722000,0.42722000,0.00000000,1514403179999,0.00000000,0,0.00000000,0.00000000
1514403180000,0.42722000,0.42722000,0.42722000,0.42722000,57.87000000,1514403239999,24.72322140,2,56.98000000,24.34299560
1514403240000,0.42722000,0.42722000,0.42722000,0.42722000,0.00000000,1514403299999,0.00000000,0,0.00000000,0.00000000
1514403300000,0.42722000,0.42722000,0.42722000,0.42722000,0.00000000,1514403359999,0.00000000,0,0.00000000,0.00000000
1514403360000,0.42722000,0.42722000,0.42722000,0.42722000,0.00000000,1514403419999,0.00000000,0,0.00000000,0.00000000
1514403420000,0.42722000,0.42722000,0.42722000,0.42722000,0.00000000,1514403479999,0.00000000,0,0.00000000,0.00000000
1514403480000,0.42722000,0.42722000,0.42722000,0.42722000,0.00000000,1514403539999,0.00000000,0,0.00000000,0.00000000
1514403540000,0.42722000,0.42722000,0.42722000,0.42722000,0.00000000,1514403599999,0.00000000,0,0.00000000,0.00000000
1514403600000,0.42722000,0.42722000,0.42722000,0.42722000,0.00000000,1514403659999,0.00000000,0,0.00000000,0.00000000
1514403660000,0.42722000,0.42722000,0.42722000,0.42722000,0.00000000,1514403719999,0.00000000,0,0.00000000,0.00000000
1514403720000,0.42722000,0.42722000,0.42722000,0.42722000,0.00000000,1514403779999,0.00000000,0,0.00000000,0.00000000
1514403780000,0.42722000,0.42722000,0.42722000,0.42722000,0.00000000,1514403839999,0.00000000,0,0.00000000,0.00000000
1514403840000,0.42722000,0.42722000,0.42722000,0.42722000,0.00000000,1514403899999,0.00000000,0,0.00000000,0.00000000
1514403900000,0.42722000,0.42722000,0.42722000,0.42722000,57.88000000,1514403959999,24.72749360,2,57.86000000,24.71894920
1514403960000,0.42722000,0.42722000,0.42722000,0.42722000,0.00000000,1514404019999,0.00000000,0,0.00000000,0.00000000
1514404020000,0.42722000,0.42722000,0.42722000,0.42722000,0.00000000,1514404079999,0.00000000,0,0.00000000,0.00000000
1514404080000,0.42722000,0.42722000,0.42722000,0.42722000,0.00000000,1514404139999,0.00000000,0,0.00000000,0.00000000
1514404140000,0.42722000,0.42722000,0.42722000,0.42722000,0.00000000,1514404199999,0.00000000,0,0.00000000,0.00000000
1514404200000,0.42722000,0.42722000,0.42722000,0.42722000,0.00000000,1514404259999,0.00000000,0,0.00000000,0.00000000
1514404260000,0.42722000,0.42722000,0.42722000,0.42722000,0.00000000,1514404319999,0.00000000,0,0.00000000,0.00000000
1514404320000,0.42722000,0.42722000,0.42722000,0.42722000,0.00000000,1514404379999,0.00000000,0,0.00000000,0.00000000
1514404380000,0.44870000,0.44870000,0.44870000,0.44870000,352.00000000,1514404439999,157.94240000,4,352.00000000,157.94240000
1514404440000,0.44870000,0.44871000,0.44870000,0.44870000,43.95000000,1514404499999,19.72045790,4,9.69000000,4.34799590
1514404500000,0.44870000,0.44870000,0.44870000,0.44870000,0.00000000,1514404559999,0.00000000,0,0.00000000,0.00000000
1514404560000,0.44871000,0.44871000,0.44871000,0.44871000,35.28000000,1514404619999,15.83048880,1,35.28000000,15.83048880
1514404620000,0.44871000,0.44871000,0.44871000,0.44871000,0.00000000,1514404679999,0.00000000,0,0.00000000,0.00000000
1514404680000,0.44871000,0.44871000,0.44871000,0.44871000,0.00000000,1514404739999,0.00000000,0,0.00000000,0.00000000
1514404740000,0.44871000,0.44871000,0.44871000,0.44871000,0.00000000,1514404799999,0.00000000,0,0.00000000,0.00000000
1514404800000,0.44871000,0.44871000,0.44871000,0.44871000,0.00000000,1514404859999,0.00000000,0,0.00000000,0.00000000
1514404860000,0.44871000,0.44871000,0.44871000,0.44871000,0.00000000,1514404919999,0.00000000,0,0.00000000,0.00000000
1514404920000,0.44871000,0.44871000,0.44871000,0.44871000,0.00000000,1514404979999,0.00000000,0,0.00000000,0.00000000
1514404980000,0.44871000,0.44871000,0.44871000,0.44871000,0.00000000,1514405039999,0.00000000,0,0.00000000,0.00000000
1514405040000,0.44871000,0.44871000,0.44871000,0.44871000,0.00000000,1514405099999,0.00000000,0,0.00000000,0.00000000
1514405100000,0.44000000,0.44000000,0.44000000,0.44000000,49.91000000,1514405159999,21.96040000,1,0.00000000,0.00000000
1514405160000,0.44000000,0.44000000,0.44000000,0.44000000,89.40000000,1514405219999,39.33600000,4,89.40000000,39.33600000
1514405220000,0.45939000,0.45939000,0.45939000,0.45939000,16.22000000,1514405279999,7.45130580,1,16.22000000,7.45130580
1514405280000,0.45939000,0.45939000,0.45939000,0.45939000,0.00000000,1514405339999,0.00000000,0,0.00000000,0.00000000
1514405340000,0.45939000,0.45939000,0.45939000,0.45939000,0.00000000,1514405399999,0.00000000,0,0.00000000,0.00000000
1514405400000,0.45939000,0.45939000,0.45939000,0.45939000,0.00000000,1514405459999,0.00000000,0,0.00000000,0.00000000
1514405460000,0.45939000,0.45939000,0.45939000,0.45939000,0.00000000,1514405519999,0.00000000,0,0.00000000,0.00000000
1514405520000,0.42723000,0.42723000,0.42723000,0.42723000,0.15000000,1514405579999,0.06408450,1,0.00000000,0.00000000
1514405580000,0.42723000,0.42723000,0.42723000,0.42723000,37.00000000,1514405639999,15.80751000,1,0.00000000,0.00000000
1514405640000,0.42723000,0.42723000,0.42723000,0.42723000,0.00000000,1514405699999,0.00000000,0,0.00000000,0.00000000
1514405700000,0.42723000,0.42723000,0.42723000,0.42723000,0.00000000,1514405759999,0.00000000,0,0.00000000,0.00000000
1514405760000,0.42723000,0.42723000,0.42723000,0.42723000,0.00000000,1514405819999,0.00000000,0,0.00000000,0.00000000
1514405820000,0.42723000,0.42723000,0.42723000,0.42723000,0.00000000,1514405879999,0.00000000,0,0.00000000,0.00000000
1514405880000,0.42723000,0.42723000,0.42723000,0.42723000,0.00000000,1514405939999,0.00000000,0,0.00000000,0.00000000
1514405940000,0.42723000,0.42723000,0.42723000,0.42723000,0.00000000,1514405999999,0.00000000,0,0.00000000,0.00000000
1514406000000,0.42723000,0.42723000,0.42723000,0.42723000,0.00000000,1514406059999,0.00000000,0,0.00000000,0.00000000
1514406060000,0.42723000,0.42723000,0.42723000,0.42723000,0.00000000,1514406119999,0.00000000,0,0.00000000,0.00000000
1514406120000,0.42725000,0.42725000,0.42725000,0.42725000,10.15000000,1514406179999,4.33658750,1,0.00000000,0.00000000
1514406180000,0.42725000,0.42725000,0.42725000,0.42725000,0.00000000,1514406239999,0.00000000,0,0.00000000,0.00000000
1514406240000,0.42725000,0.42725000,0.42725000,0.42725000,0.00000000,1514406299999,0.00000000,0,0.00000000,0.00000000
1514406300000,0.42725000,0.42725000,0.42725000,0.42725000,0.00000000,1514406359999,0.00000000,0,0.00000000,0.00000000
1514406360000,0.42725000,0.42725000,0.42725000,0.42725000,0.00000000,1514406419999,0.00000000,0,0.00000000,0.00000000
1514406420000,0.42725000,0.42725000,0.42725000,0.42725000,0.00000000,1514406479999,0.00000000,0,0.00000000,0.00000000
1514406480000,0.42725000,0.42725000,0.42723000,0.42723000,420.47000000,1514406539999,179.64506790,11,0.00000000,0.00000000
1514406540000,0.42722000,0.42722000,0.42702000,0.42702000,150.34000000,1514406599999,64.20654690,12,0.00000000,0.00000000
1514406600000,0.42701000,0.42701000,0.42701000,0.42701000,6.00000000,1514406659999,2.56206000,1,6.00000000,2.56206000
1514406660000,0.42701000,0.42701000,0.42701000,0.42701000,0.00000000,1514406719999,0.00000000,0,0.00000000,0.00000000
1514406720000,0.42701000,0.42701000,0.42701000,0.42701000,0.00000000,1514406779999,0.00000000,0,0.00000000,0.00000000
1514406780000,0.42711000,0.42725000,0.42711000,0.42725000,143.94000000,1514406839999,61.49493080,5,143.94000000,61.49493080
1514406840000,0.42725000,0.42725000,0.42725000,0.42725000,0.00000000,1514406899999,0.00000000,0,0.00000000,0.00000000
1514406900000,0.42725000,0.42725000,0.42725000,0.42725000,0.00000000,1514406959999,0.00000000,0,0.00000000,0.00000000
1514406960000,0.42725000,0.42725000,0.42725000,0.42725000,0.00000000,1514407019999,0.00000000,0,0.00000000,0.00000000
1514407020000,0.42725000,0.42725000,0.42725000,0.42725000,0.59000000,1514407079999,0.25207750,1,0.59000000,0.25207750
1514407080000,0.42725000,0.42725000,0.42725000,0.42725000,0.00000000,1514407139999,0.00000000,0,0.00000000,0.00000000
1514407140000,0.42725000,0.42725000,0.42725000,0.42725000,0.00000000,1514407199999,0.00000000,0,0.00000000,0.00000000
1514407200000,0.42725000,0.42725000,0.42725000,0.42725000,0.00000000,1514407259999,0.00000000,0,0.00000000,0.00000000
1514407260000,0.42725000,0.42725000,0.42725000,0.42725000,0.00000000,1514407319999,0.00000000,0,0.00000000,0.00000000
1514407320000,0.42725000,0.42725000,0.42725000,0.42725000,0.00000000,1514407379999,0.00000000,0,0.00000000,0.00000000
1514407380000,0.42725000,0.42725000,0.42725000,0.42725000,0.00000000,1514407439999,0.00000000,0,0.00000000,0.00000000
1514407440000,0.42725000,0.42725000,0.42725000,0.42725000,0.00000000,1514407499999,0.00000000,0,0.00000000,0.00000000
1514407500000,0.42725000,0.42725000,0.42725000,0.42725000,0.00000000,1514407559999,0.00000000,0,0.00000000,0.00000000
1514407560000,0.42725000,0.42725000,0.42725000,0.42725000,0.00000000,1514407619999,0.00000000,0,0.00000000,0.00000000
1514407620000,0.42725000,0.42725000,0.42725000,0.42725000,28.49000000,1514407679999,12.17235250,2,0.00000000,0.00000000
1514407680000,0.42725000,0.42725000,0.42725000,0.42725000,0.00000000,1514407739999,0.00000000,0,0.00000000,0.00000000
1514407740000,0.42725000,0.42725000,0.42725000,0.42725000,0.00000000,1514407799999,0.00000000,0,0.00000000,0.00000000
1514407800000,0.42725000,0.42725000,0.42725000,0.42725000,0.00000000,1514407859999,0.00000000,0,0.00000000,0.00000000
1514407860000,0.42725000,0.42725000,0.42725000,0.42725000,0.00000000,1514407919999,0.00000000,0,0.00000000,0.00000000
1514407920000,0.42725000,0.42725000,0.42725000,0.42725000,0.00000000,1514407979999,0.00000000,0,0.00000000,0.00000000
1514407980000,0.42725000,0.42725000,0.42725000,0.42725000,0.00000000,1514408039999,0.00000000,0,0.00000000,0.00000000
1514408040000,0.42725000,0.42725000,0.42725000,0.42725000,0.00000000,1514408099999,0.00000000,0,0.00000000,0.00000000
1514408100000,0.42725000,0.42725000,0.42725000,0.42725000,0.00000000,1514408159999,0.00000000,0,0.00000000,0.00000000
1514408160000,0.42725000,0.42725000,0.42725000,0.42725000,0.00000000,1514408219999,0.00000000,0,0.00000000,0.00000000
1514408220000,0.42725000,0.42725000,0.42725000,0.42725000,0.00000000,1514408279999,0.00000000,0,0.00000000,0.00000000
1514408280000,0.42725000,0.42725000,0.42725000,0.42725000,0.00000000,1514408339999,0.00000000,0,0.00000000,0.00000000
1514408340000,0.42725000,0.42725000,0.42725000,0.42725000,0.00000000,1514408399999,0.00000000,0,0.00000000,0.00000000
1514408400000,0.42725000,0.42725000,0.42725000,0.42725000,0.00000000,1514408459999,0.00000000,0,0.00000000,0.00000000
1514408460000,0.44522000,0.44522000,0.44522000,0.44522000,23.04000000,1514408519999,10.25786880,2,0.00000000,0.00000000
1514408520000,0.44522000,0.44522000,0.44522000,0.44522000,0.00000000,1514408579999,0.00000000,0,0.00000000,0.00000000
1514408580000,0.44522000,0.44522000,0.44522000,0.44522000,0.00000000,1514408639999,0.00000000,0,0.00000000,0.00000000
1514408640000,0.44522000,0.44522000,0.44522000,0.44522000,0.00000000,1514408699999,0.00000000,0,0.00000000,0.00000000
1514408700000,0.44522000,0.44522000,0.44522000,0.44522000,0.00000000,1514408759999,0.00000000,0,0.00000000,0.00000000
1514408760000,0.44522000,0.44522000,0.44522000,0.44522000,0.00000000,1514408819999,0.00000000,0,0.00000000,0.00000000
1514408820000,0.42725000,0.42725000,0.42725000,0.42725000,12.04000000,1514408879999,5.14409000,2,0.00000000,0.00000000
1514408880000,0.42725000,0.42725000,0.42725000,0.42725000,0.00000000,1514408939999,0.00000000,0,0.00000000,0.00000000
1514408940000,0.42725000,0.42725000,0.42725000,0.42725000,0.00000000,1514408999999,0.00000000,0,0.00000000,0.00000000
1514409000000,0.42725000,0.42725000,0.42725000,0.42725000,0.00000000,1514409059999,0.00000000,0,0.00000000,0.00000000
1514409060000,0.42725000,0.42725000,0.42725000,0.42725000,0.00000000,1514409119999,0.00000000,0,0.00000000,0.00000000
1514409120000,0.42725000,0.42725000,0.42725000,0.42725000,0.00000000,1514409179999,0.00000000,0,0.00000000,0.00000000
1514409180000,0.42725000,0.42725000,0.42725000,0.42725000,0.00000000,1514409239999,0.00000000,0,0.00000000,0.00000000
1514409240000,0.42725000,0.42725000,0.42725000,0.42725000,0.00000000,1514409299999,0.00000000,0,0.00000000,0.00000000
1514409300000,0.42725000,0.42725000,0.42725000,0.42725000,0.00000000,1514409359999,0.00000000,0,0.00000000,0.00000000
1514409360000,0.42725000,0.42725000,0.42725000,0.42725000,0.00000000,1514409419999,0.00000000,0,0.00000000,0.00000000
1514409420000,0.42725000,0.42725000,0.42725000,0.42725000,8.52000000,1514409479999,3.64017000,1,0.00000000,0.00000000
1514409480000,0.42725000,0.42725000,0.42725000,0.42725000,0.00000000,1514409539999,0.00000000,0,0.00000000,0.00000000
1514409540000,0.42725000,0.42725000,0.42725000,0.42725000,0.00000000,1514409599999,0.00000000,0,0.00000000,0.00000000
1514409600000,0.42725000,0.42725000,0.42725000,0.42725000,0.00000000,1514409659999,0.00000000,0,0.00000000,0.00000000
1514409660000,0.42725000,0.42725000,0.42725000,0.42725000,0.00000000,1514409719999,0.00000000,0,0.00000000,0.00000000
1514409720000,0.42725000,0.42725000,0.42725000,0.42725000,0.00000000,1514409779999,0.00000000,0,0.00000000,0.00000000
1514409780000,0.42725000,0.42725000,0.42725000,0.42725000,0.00000000,1514409839999,0.00000000,0,0.00000000,0.00000000
1514409840000,0.42725000,0.42725000,0.42725000,0.42725000,0.00000000,1514409899999,0.00000000,0,0.00000000,0.00000000
1514409900000,0.42725000,0.42725000,0.42725000,0.42725000,0.00000000,1514409959999,0.00000000,0,0.00000000,0.00000000
1514409960000,0.42725000,0.42725000,0.42725000,0.42725000,0.00000000,1514410019999,0.00000000,0,0.00000000,0.00000000
1514410020000,0.42725000,0.42725000,0.42725000,0.42725000,0.00000000,1514410079999,0.00000000,0,0.00000000,0.00000000
1514410080000,0.42725000,0.42725000,0.42725000,0.42725000,0.00000000,1514410139999,0.00000000,0,0.00000000,0.00000000
1514410140000,0.42725000,0.42725000,0.42725000,0.42725000,0.00000000,1514410199999,0.00000000,0,0.00000000,0.00000000
1514410200000,0.42725000,0.42725000,0.42725000,0.42725000,0.00000000,1514410259999,0.00000000,0,0.00000000,0.00000000
1514410260000,0.42725000,0.42725000,0.42725000,0.42725000,0.00000000,1514410319999,0.00000000,0,0.00000000,0.00000000
1514410320000,0.42725000,0.42725000,0.42725000,0.42725000,0.00000000,1514410379999,0.00000000,0,0.00000000,0.00000000
1514410380000,0.42725000,0.42725000,0.42725000,0.42725000,0.00000000,1514410439999,0.00000000,0,0.00000000,0.00000000
1514410440000,0.44522000,0.44522000,0.44522000,0.44522000,113.01000000,1514410499999,50.31431220,9,113.01000000,50.31431220
1514410500000,0.44522000,0.44522000,0.44522000,0.44522000,0.00000000,1514410559999,0.00000000,0,0.00000000,0.00000000
1514410560000,0.44522000,0.44522000,0.44522000,0.44522000,221.19000000,1514410619999,98.47821180,3,221.19000000,98.47821180
1514410620000,0.44522000,0.44522000,0.44522000,0.44522000,0.00000000,1514410679999,0.00000000,0,0.00000000,0.00000000
1514410680000,0.44522000,0.44522000,0.44522000,0.44522000,0.00000000,1514410739999,0.00000000,0,0.00000000,0.00000000
1514410740000,0.44522000,0.44522000,0.44522000,0.44522000,0.00000000,1514410799999,0.00000000,0,0.00000000,0.00000000
1514410800000,0.44522000,0.44522000,0.44522000,0.44522000,0.00000000,1514410859999,0.00000000,0,0.00000000,0.00000000
1514410860000,0.44522000,0.44522000,0.44522000,0.44522000,0.00000000,1514410919999,0.00000000,0,0.00000000,0.00000000
1514410920000,0.44522000,0.44522000,0.44522000,0.44522000,0.00000000,1514410979999,0.00000000,0,0.00000000,0.00000000
1514410980000,0.44522000,0.44522000,0.44522000,0.44522000,0.00000000,1514411039999,0.00000000,0,0.00000000,0.00000000
1514411040000,0.44522000,0.44522000,0.44522000,0.44522000,0.00000000,1514411099999,0.00000000,0,0.00000000,0.00000000
1514411100000,0.44522000,0.44522000,0.44522000,0.44522000,0.00000000,1514411159999,0.00000000,0,0.00000000,0.00000000
1514411160000,0.44522000,0.44522000,0.44522000,0.44522000,0.00000000,1514411219999,0.00000000,0,0.00000000,0.00000000
1514411220000,0.45722000,0.45722000,0.45722000,0.45722000,5.84000000,1514411279999,2.67016480,1,5.84000000,2.67016480
1514411280000,0.45722000,0.45722000,0.45722000,0.45722000,0.00000000,1514411339999,0.00000000,0,0.00000000,0.00000000
1514411340000,0.45722000,0.45722000,0.45722000,0.45722000,0.00000000,1514411399999,0.00000000,0,0.00000000,0.00000000
1514411400000,0.45722000,0.45722000,0.45722000,0.45722000,0.00000000,1514411459999,0.00000000,0,0.00000000,0.00000000
1514411460000,0.45722000,0.45722000,0.45722000,0.45722000,0.00000000,1514411519999,0.00000000,0,0.00000000,0.00000000
1514411520000,0.45722000,0.45722000,0.45722000,0.45722000,0.00000000,1514411579999,0.00000000,0,0.00000000,0.00000000
1514411580000,0.45722000,0.45722000,0.45722000,0.45722000,0.00000000,1514411639999,0.00000000,0,0.00000000,0.00000000
1514411640000,0.45722000,0.45722000,0.45722000,0.45722000,0.00000000,1514411699999,0.00000000,0,0.00000000,0.00000000
1514411700000,0.45722000,0.45722000,0.45722000,0.45722000,260.00000000,1514411759999,118.87720000,2,260.00000000,118.87720000
1514411760000,0.45722000,0.45722000,0.45722000,0.45722000,0.00000000,1514411819999,0.00000000,0,0.00000000,0.00000000
1514411820000,0.45722000,0.45722000,0.45722000,0.45722000,0.00000000,1514411879999,0.00000000,0,0.00000000,0.00000000
1514411880000,0.45722000,0.45722000,0.45722000,0.45722000,0.00000000,1514411939999,0.00000000,0,0.00000000,0.00000000
1514411940000,0.45722000,0.45722000,0.45722000,0.45722000,167.72000000,1514411999999,76.68493840,3,167.72000000,76.68493840
1514412000000,0.45724000,0.45726000,0.45724000,0.45726000,106.90000000,1514412059999,48.87953140,5,106.90000000,48.87953140
1514412060000,0.45726000,0.45726000,0.45726000,0.45726000,76.81000000,1514412119999,35.12214060,2,76.81000000,35.12214060
1514412120000,0.45726000,0.45726000,0.45726000,0.45726000,0.00000000,1514412179999,0.00000000,0,0.00000000,0.00000000
1514412180000,0.45726000,0.45726000,0.45726000,0.45726000,0.00000000,1514412239999,0.00000000,0,0.00000000,0.00000000
1514412240000,0.45728000,0.45941000,0.45728000,0.45941000,9.91000000,1514412299999,4.54016480,3,9.91000000,4.54016480
1514412300000,0.45941000,0.45941000,0.45941000,0.45941000,0.00000000,1514412359999,0.00000000,0,0.00000000,0.00000000
1514412360000,0.45941000,0.45941000,0.45941000,0.45941000,0.00000000,1514412419999,0.00000000,0,0.00000000,0.00000000
1514412420000,0.45941000,0.45941000,0.45941000,0.45941000,0.00000000,1514412479999,0.00000000,0,0.00000000,0.00000000
1514412480000,0.45941000,0.45941000,0.45941000,0.45941000,0.00000000,1514412539999,0.00000000,0,0.00000000,0.00000000
1514412540000,0.45941000,0.45941000,0.45941000,0.45941000,0.00000000,1514412599999,0.00000000,0,0.00000000,0.00000000
1514412600000,0.45941000,0.45941000,0.45941000,0.45941000,0.00000000,1514412659999,0.00000000,0,0.00000000,0.00000000
1514412660000,0.45941000,0.45941000,0.45941000,0.45941000,0.00000000,1514412719999,0.00000000,0,0.00000000,0.00000000
1514412720000,0.45941000,0.45941000,0.45941000,0.45941000,0.00000000,1514412779999,0.00000000,0,0.00000000,0.00000000
1514412780000,0.47311000,0.47311000,0.47311000,0.47311000,8.00000000,1514412839999,3.78488000,1,8.00000000,3.78488000
1514412840000,0.47311000,0.47311000,0.47311000,0.47311000,0.00000000,1514412899999,0.00000000,0,0.00000000,0.00000000
1514412900000,0.47311000,0.47311000,0.47311000,0.47311000,0.00000000,1514412959999,0.00000000,0,0.00000000,0.00000000
1514412960000,0.47311000,0.47311000,0.47311000,0.47311000,0.00000000,1514413019999,0.00000000,0,0.00000000,0.00000000
1514413020000,0.47311000,0.47311000,0.47311000,0.47311000,0.00000000,1514413079999,0.00000000,0,0.00000000,0.00000000
1514413080000,0.47311000,0.47311000,0.47311000,0.47311000,8.94000000,1514413139999,4.22960340,1,8.94000000,4.22960340
1514413140000,0.47311000,0.47311000,0.47311000,0.47311000,0.00000000,1514413199999,0.00000000,0,0.00000000,0.00000000
1514413200000,0.47311000,0.47311000,0.47311000,0.47311000,0.00000000,1514413259999,0.00000000,0,0.00000000,0.00000000
1514413260000,0.47311000,0.47311000,0.47311000,0.47311000,0.00000000,1514413319999,0.00000000,0,0.00000000,0.00000000
1514413320000,0.47311000,0.47311000,0.47311000,0.47311000,0.00000000,1514413379999,0.00000000,0,0.00000000,0.00000000
1514413380000,0.47311000,0.47311000,0.47311000,0.47311000,22.28000000,1514413439999,10.54089080,3,7.06000000,3.34015660
1514413440000,0.47311000,0.47311000,0.47311000,0.47311000,0.00000000,1514413499999,0.00000000,0,0.00000000,0.00000000
1514413500000,0.48543000,0.49790000,0.48543000,0.49790000,24.45000000,1514413559999,11.98660500,3,24.45000000,11.98660500
1514413560000,0.49790000,0.49790000,0.49790000,0.49790000,12.00000000,1514413619999,5.97480000,1,0.00000000,0.00000000
1514413620000,0.49790000,0.49790000,0.49790000,0.49790000,21.00000000,1514413679999,10.45590000,3,21.00000000,10.45590000
1514413680000,0.48375000,0.48476000,0.48375000,0.48476000,807.32000000,1514413739999,390.59226010,8,0.00000000,0.00000000
1514413740000,0.48376000,0.48376000,0.48376000,0.48376000,182.03000000,1514413799999,88.05883280,5,0.00000000,0.00000000
1514413800000,0.48376000,0.51194000,0.45727000,0.45727000,454.20000000,1514413859999,227.11685760,8,348.94000000,178.52821000
1514413860000,0.45727000,0.45727000,0.45727000,0.45727000,0.00000000,1514413919999,0.00000000,0,0.00000000,0.00000000
1514413920000,0.45727000,0.45727000,0.45727000,0.45727000,0.05000000,1514413979999,0.02286350,1,0.00000000,0.00000000
1514413980000,0.45727000,0.45727000,0.45724000,0.45724000,364.98000000,1514414039999,166.89274580,9,0.00000000,0.00000000
1514414040000,0.45724000,0.45724000,0.45724000,0.45724000,40.00000000,1514414099999,18.28960000,2,0.00000000,0.00000000
1514414100000,0.45724000,0.45724000,0.45724000,0.45724000,0.00000000,1514414159999,0.00000000,0,0.00000000,0.00000000
1514414160000,0.45724000,0.45724000,0.45724000,0.45724000,0.00000000,1514414219999,0.00000000,0,0.00000000,0.00000000
1514414220000,0.45724000,0.45724000,0.45724000,0.45724000,0.00000000,1514414279999,0.00000000,0,0.00000000,0.00000000
1514414280000,0.49253000,0.50000000,0.49253000,0.50000000,482.23000000,1514414339999,237.99545330,8,411.61000000,202.73027330
1514414340000,0.49999000,0.49999000,0.49999000,0.49999000,77.17000000,1514414399999,38.58422830,3,77.17000000,38.58422830
1514414400000,0.49999000,0.49999000,0.49999000,0.49999000,0.00000000,1514414459999,0.00000000,0,0.00000000,0.00000000
1514414460000,0.46801000,0.46801000,0.46801000,0.46801000,330.20000000,1514414519999,154.53690200,4,0.00000000,0.00000000
1514414520000,0.46801000,0.46801000,0.46801000,0.46801000,0.00000000,1514414579999,0.00000000,0,0.00000000,0.00000000
1514414580000,0.45724000,0.45724000,0.45723000,0.45723000,80.01000000,1514414639999,36.58357870,6,19.37000000,8.85654510
1514414640000,0.45723000,0.45723000,0.45723000,0.45723000,0.00000000,1514414699999,0.00000000,0,0.00000000,0.00000000
1514414700000,0.45723000,0.45723000,0.45723000,0.45723000,0.00000000,1514414759999,0.00000000,0,0.00000000,0.00000000
1514414760000,0.45723000,0.45723000,0.45723000,0.45723000,0.00000000,1514414819999,0.00000000,0,0.00000000,0.00000000
1514414820000,0.47893000,0.47893000,0.47893000,0.47893000,13.54000000,1514414879999,6.48471220,1,13.54000000,6.48471220
1514414880000,0.47893000,0.47893000,0.47893000,0.47893000,0.00000000,1514414939999,0.00000000,0,0.00000000,0.00000000
1514414940000,0.45723000,0.45723000,0.45723000,0.45723000,3.00000000,1514414999999,1.37169000,1,0.00000000,0.00000000
1514415000000,0.45723000,0.45723000,0.45723000,0.45723000,0.00000000,1514415059999,0.00000000,0,0.00000000,0.00000000
1514415060000,0.45723000,0.45723000,0.45723000,0.45723000,0.00000000,1514415119999,0.00000000,0,0.00000000,0.00000000
1514415120000,0.45723000,0.45723000,0.45723000,0.45723000,0.00000000,1514415179999,0.00000000,0,0.00000000,0.00000000
1514415180000,0.44524000,0.44524000,0.44524000,0.44524000,8.71000000,1514415239999,3.87804040,1,0.00000000,0.00000000
1514415240000,0.44524000,0.44524000,0.44524000,0.44524000,0.00000000,1514415299999,0.00000000,0,0.00000000,0.00000000
1514415300000,0.47664000,0.47664000,0.47664000,0.47664000,25.00000000,1514415359999,11.91600000,2,25.00000000,11.91600000
1514415360000,0.47664000,0.47664000,0.47664000,0.47664000,0.00000000,1514415419999,0.00000000,0,0.00000000,0.00000000
1514415420000,0.47664000,0.47664000,0.47664000,0.47664000,0.00000000,1514415479999,0.00000000,0,0.00000000,0.00000000
1514415480000,0.47664000,0.47664000,0.47664000,0.47664000,0.00000000,1514415539999,0.00000000,0,0.00000000,0.00000000
1514415540000,0.47664000,0.47664000,0.47664000,0.47664000,0.00000000,1514415599999,0.00000000,0,0.00000000,0.00000000
1514415600000,0.47664000,0.47664000,0.47664000,0.47664000,0.00000000,1514415659999,0.00000000,0,0.00000000,0.00000000
1514415660000,0.47664000,0.47664000,0.47664000,0.47664000,4.28000000,1514415719999,2.04001920,2,0.00000000,0.00000000
1514415720000,0.45723000,0.45723000,0.45723000,0.45723000,18.11000000,1514415779999,8.28043530,2,18.11000000,8.28043530
1514415780000,0.45723000,0.45723000,0.45723000,0.45723000,0.00000000,1514415839999,0.00000000,0,0.00000000,0.00000000
1514415840000,0.45723000,0.45723000,0.45723000,0.45723000,0.00000000,1514415899999,0.00000000,0,0.00000000,0.00000000
1514415900000,0.45723000,0.45723000,0.45723000,0.45723000,0.00000000,1514415959999,0.00000000,0,0.00000000,0.00000000
1514415960000,0.45723000,0.45723000,0.45723000,0.45723000,0.00000000,1514416019999,0.00000000,0,0.00000000,0.00000000
1514416020000,0.45723000,0.45723000,0.45723000,0.45723000,0.00000000,1514416079999,0.00000000,0,0.00000000,0.00000000
1514416080000,0.45723000,0.45723000,0.45723000,0.45723000,0.00000000,1514416139999,0.00000000,0,0.00000000,0.00000000
1514416140000,0.45723000,0.45723000,0.45723000,0.45723000,0.00000000,1514416199999,0.00000000,0,0.00000000,0.00000000
1514416200000,0.45723000,0.45723000,0.45723000,0.45723000,0.00000000,1514416259999,0.00000000,0,0.00000000,0.00000000
1514416260000,0.45723000,0.45723000,0.45723000,0.45723000,0.00000000,1514416319999,0.00000000,0,0.00000000,0.00000000
1514416320000,0.45723000,0.45723000,0.45723000,0.45723000,0.00000000,1514416379999,0.00000000,0,0.00000000,0.00000000
1514416380000,0.45723000,0.45723000,0.45723000,0.45723000,0.00000000,1514416439999,0.00000000,0,0.00000000,0.00000000
1514416440000,0.45723000,0.45723000,0.45723000,0.45723000,0.00000000,1514416499999,0.00000000,0,0.00000000,0.00000000
1514416500000,0.45723000,0.45723000,0.45723000,0.45723000,0.00000000,1514416559999,0.00000000,0,0.00000000,0.00000000
1514416560000,0.45723000,0.45723000,0.45723000,0.45723000,0.00000000,1514416619999,0.00000000,0,0.00000000,0.00000000
1514416620000,0.45723000,0.45723000,0.45723000,0.45723000,0.00000000,1514416679999,0.00000000,0,0.00000000,0.00000000
1514416680000,0.45723000,0.45723000,0.45723000,0.45723000,0.00000000,1514416739999,0.00000000,0,0.00000000,0.00000000
1514416740000,0.45723000,0.45723000,0.45723000,0.45723000,0.00000000,1514416799999,0.00000000,0,0.00000000,0.00000000
1514416800000,0.49820000,0.49820000,0.45891000,0.45891000,24.01000000,1514416859999,11.96138910,2,24.00000000,11.95680000
1514416860000,0.45891000,0.45891000,0.45891000,0.45891000,0.00000000,1514416919999,0.00000000,0,0.00000000,0.00000000
1514416920000,0.45891000,0.45891000,0.45891000,0.45891000,0.00000000,1514416979999,0.00000000,0,0.00000000,0.00000000
1514416980000,0.45891000,0.45891000,0.45891000,0.45891000,0.00000000,1514417039999,0.00000000,0,0.00000000,0.00000000
1514417040000,0.45723000,0.45891000,0.45723000,0.45891000,174.75000000,1514417099999,80.18961690,5,171.83000000,78.85450530
1514417100000,0.45891000,0.45891000,0.45891000,0.45891000,0.00000000,1514417159999,0.00000000,0,0.00000000,0.00000000
1514417160000,0.49059000,0.49059000,0.49059000,0.49059000,14.70000000,1514417219999,7.21167300,1,14.70000000,7.21167300
1514417220000,0.49059000,0.49059000,0.49059000,0.49059000,8.72000000,1514417279999,4.27794480,1,8.72000000,4.27794480
1514417280000,0.49059000,0.49059000,0.49058000,0.49058000,80.16000000,1514417339999,39.32566440,4,19.58000000,9.60572220
1514417340000,0.49058000,0.49058000,0.49058000,0.49058000,0.00000000,1514417399999,0.00000000,0,0.00000000,0.00000000
1514417400000,0.49058000,0.49058000,0.49058000,0.49058000,0.00000000,1514417459999,0.00000000,0,0.00000000,0.00000000
1514417460000,0.49058000,0.49058000,0.49058000,0.49058000,0.00000000,1514417519999,0.00000000,0,0.00000000,0.00000000
1514417520000,0.49058000,0.49058000,0.49058000,0.49058000,0.00000000,1514417579999,0.00000000,0,0.00000000,0.00000000
1514417580000,0.49058000,0.49058000,0.49058000,0.49058000,0.00000000,1514417639999,0.00000000,0,0.00000000,0.00000000
1514417640000,0.49058000,0.49058000,0.49058000,0.49058000,0.00000000,1514417699999,0.00000000,0,0.00000000,0.00000000
1514417700000,0.49057000,0.49057000,0.49057000,0.49057000,0.39000000,1514417759999,0.19132230,1,0.39000000,0.19132230
1514417760000,0.49057000,0.49057000,0.49057000,0.49057000,0.00000000,1514417819999,0.00000000,0,0.00000000,0.00000000
1514417820000,0.46030000,0.46030000,0.46030000,0.46030000,2.89000000,1514417879999,1.33026700,1,2.89000000,1.33026700
1514417880000,0.46030000,0.46030000,0.46030000,0.46030000,0.00000000,1514417939999,0.00000000,0,0.00000000,0.00000000
1514417940000,0.46030000,0.46030000,0.46030000,0.46030000,0.00000000,1514417999999,0.00000000,0,0.00000000,0.00000000
1514418000000,0.46030000,0.46030000,0.46030000,0.46030000,0.00000000,1514418059999,0.00000000,0,0.00000000,0.00000000
1514418060000,0.46030000,0.46030000,0.46030000,0.46030000,69.85000000,1514418119999,32.15195500,1,69.85000000,32.15195500
1514418120000,0.46030000,0.46030000,0.46030000,0.46030000,0.00000000,1514418179999,0.00000000,0,0.00000000,0.00000000
1514418180000,0.46030000,0.46030000,0.46030000,0.46030000,0.00000000,1514418239999,0.00000000,0,0.00000000,0.00000000
1514418240000,0.46030000,0.46030000,0.46030000,0.46030000,0.00000000,1514418299999,0.00000000,0,0.00000000,0.00000000
1514418300000,0.49055000,0.49055000,0.49055000,0.49055000,24.00000000,1514418359999,11.77320000,2,24.00000000,11.77320000
1514418360000,0.49055000,0.49055000,0.49055000,0.49055000,0.00000000,1514418419999,0.00000000,0,0.00000000,0.00000000
1514418420000,0.49055000,0.49055000,0.49055000,0.49055000,0.00000000,1514418479999,0.00000000,0,0.00000000,0.00000000
1514418480000,0.49055000,0.49055000,0.49055000,0.49055000,0.00000000,1514418539999,0.00000000,0,0.00000000,0.00000000
1514418540000,0.49055000,0.49055000,0.49055000,0.49055000,0.00000000,1514418599999,0.00000000,0,0.00000000,0.00000000
1514418600000,0.49055000,0.49055000,0.49055000,0.49055000,0.00000000,1514418659999,0.00000000,0,0.00000000,0.00000000
1514418660000,0.49055000,0.49055000,0.49055000,0.49055000,0.00000000,1514418719999,0.00000000,0,0.00000000,0.00000000
1514418720000,0.46036000,0.46036000,0.45890000,0.45890000,561.00000000,1514418779999,258.15270690,5,0.00000000,0.00000000
1514418780000,0.45890000,0.45890000,0.45723000,0.45723000,62.44000000,1514418839999,28.55017600,6,3.00000000,1.37169000
1514418840000,0.45723000,0.45723000,0.45723000,0.45723000,0.00000000,1514418899999,0.00000000,0,0.00000000,0.00000000
1514418900000,0.45723000,0.45723000,0.45723000,0.45723000,38.40000000,1514418959999,17.55763200,1,38.40000000,17.55763200
1514418960000,0.45723000,0.45723000,0.45723000,0.45723000,0.00000000,1514419019999,0.00000000,0,0.00000000,0.00000000
1514419020000,0.45723000,0.45723000,0.44550000,0.44550000,670.00000000,1514419079999,298.55538000,7,337.17000000,150.27961500
1514419080000,0.44522000,0.44522000,0.44444000,0.44444000,213.07000000,1514419139999,94.70702540,4,0.00000000,0.00000000
1514419140000,0.43000000,0.43000000,0.43000000,0.43000000,13.26000000,1514419199999,5.70180000,2,2.26000000,0.97180000
1514419200000,0.43000000,0.43000000,0.43000000,0.43000000,8.00000000,1514419259999,3.44000000,1,8.00000000,3.44000000
1514419260000,0.43000000,0.43000000,0.43000000,0.43000000,0.74000000,1514419319999,0.31820000,1,0.74000000,0.31820000
1514419320000,0.43000000,0.43000000,0.43000000,0.43000000,0.00000000,1514419379999,0.00000000,0,0.00000000,0.00000000
1514419380000,0.43000000,0.43000000,0.43000000,0.43000000,0.00000000,1514419439999,0.00000000,0,0.00000000,0.00000000
1514419440000,0.43000000,0.43000000,0.43000000,0.43000000,0.00000000,1514419499999,0.00000000,0,0.00000000,0.00000000
1514419500000,0.43000000,0.43000000,0.43000000,0.43000000,0.00000000,1514419559999,0.00000000,0,0.00000000,0.00000000
1514419560000,0.43000000,0.43000000,0.43000000,0.43000000,0.00000000,1514419619999,0.00000000,0,0.00000000,0.00000000
1514419620000,0.43000000,0.43000000,0.40425000,0.40425000,442.00000000,1514419679999,185.13734020,7,0.00000000,0.00000000
1514419680000,0.40425000,0.40425000,0.40425000,0.40425000,0.00000000,1514419739999,0.00000000,0,0.00000000,0.00000000
1514419740000,0.40425000,0.40425000,0.40425000,0.40425000,0.00000000,1514419799999,0.00000000,0,0.00000000,0.00000000
1514419800000,0.40425000,0.40425000,0.40425000,0.40425000,0.40000000,1514419859999,0.16170000,1,0.00000000,0.00000000
1514419860000,0.40425000,0.40425000,0.40425000,0.40425000,0.00000000,1514419919999,0.00000000,0,0.00000000,0.00000000
1514419920000,0.40425000,0.40425000,0.40425000,0.40425000,0.00000000,1514419979999,0.00000000,0,0.00000000,0.00000000
1514419980000,0.40425000,0.40425000,0.40425000,0.40425000,7.00000000,1514420039999,2.82975000,1,0.00000000,0.00000000
1514420040000,0.40425000,0.40425000,0.40425000,0.40425000,0.00000000,1514420099999,0.00000000,0,0.00000000,0.00000000
1514420100000,0.40425000,0.40425000,0.40425000,0.40425000,0.00000000,1514420159999,0.00000000,0,0.00000000,0.00000000
1514420160000,0.40425000,0.40425000,0.40425000,0.40425000,0.00000000,1514420219999,0.00000000,0,0.00000000,0.00000000
1514420220000,0.40425000,0.40425000,0.40425000,0.40425000,0.00000000,1514420279999,0.00000000,0,0.00000000,0.00000000
1514420280000,0.40425000,0.40425000,0.40425000,0.40425000,0.00000000,1514420339999,0.00000000,0,0.00000000,0.00000000
1514420340000,0.40425000,0.40425000,0.40425000,0.40425000,0.00000000,1514420399999,0.00000000,0,0.00000000,0.00000000
1514420400000,0.40425000,0.40425000,0.40425000,0.40425000,0.00000000,1514420459999,0.00000000,0,0.00000000,0.00000000
1514420460000,0.40425000,0.40425000,0.40425000,0.40425000,0.00000000,1514420519999,0.00000000,0,0.00000000,0.00000000
1514420520000,0.40425000,0.40425000,0.40425000,0.40425000,0.00000000,1514420579999,0.00000000,0,0.00000000,0.00000000
1514420580000,0.40425000,0.40425000,0.40425000,0.40425000,0.00000000,1514420639999,0.00000000,0,0.00000000,0.00000000
1514420640000,0.40430000,0.40430000,0.40430000,0.40430000,59.82000000,1514420699999,24.18522600,1,0.00000000,0.00000000
1514420700000,0.40430000,0.40430000,0.40430000,0.40430000,6.94000000,1514420759999,2.80584200,1,0.00000000,0.00000000
1514420760000,0.40430000,0.40430000,0.40430000,0.40430000,3.59000000,1514420819999,1.45143700,1,0.00000000,0.00000000
1514420820000,0.40430000,0.40430000,0.40430000,0.40430000,0.00000000,1514420879999,0.00000000,0,0.00000000,0.00000000
1514420880000,0.40430000,0.40430000,0.40430000,0.40430000,0.00000000,1514420939999,0.00000000,0,0.00000000,0.00000000
1514420940000,0.40430000,0.40430000,0.40430000,0.40430000,0.00000000,1514420999999,0.00000000,0,0.00000000,0.00000000
1514421000000,0.40430000,0.40430000,0.40430000,0.40430000,0.00000000,1514421059999,0.00000000,0,0.00000000,0.00000000
1514421060000,0.40430000,0.40430000,0.40430000,0.40430000,0.00000000,1514421119999,0.00000000,0,0.00000000,0.00000000
1514421120000,0.40430000,0.40430000,0.40430000,0.40430000,0.00000000,1514421179999,0.00000000,0,0.00000000,0.00000000
1514421180000,0.40430000,0.40430000,0.40430000,0.40430000,0.00000000,1514421239999,0.00000000,0,0.00000000,0.00000000
1514421240000,0.40430000,0.40430000,0.40430000,0.40430000,3.00000000,1514421299999,1.21290000,1,0.00000000,0.00000000
1514421300000,0.40430000,0.40430000,0.40430000,0.40430000,0.00000000,1514421359999,0.00000000,0,0.00000000,0.00000000
1514421360000,0.40430000,0.40430000,0.40430000,0.40430000,0.00000000,1514421419999,0.00000000,0,0.00000000,0.00000000
1514421420000,0.40430000,0.40430000,0.40430000,0.40430000,132.70000000,1514421479999,53.65061000,1,0.00000000,0.00000000
1514421480000,0.40430000,0.40430000,0.40430000,0.40430000,0.00000000,1514421539999,0.00000000,0,0.00000000,0.00000000
1514421540000,0.40430000,0.40430000,0.40430000,0.40430000,0.00000000,1514421599999,0.00000000,0,0.00000000,0.00000000
1514421600000,0.40430000,0.40430000,0.40430000,0.40430000,0.00000000,1514421659999,0.00000000,0,0.00000000,0.00000000
1514421660000,0.40430000,0.40430000,0.40430000,0.40430000,0.00000000,1514421719999,0.00000000,0,0.00000000,0.00000000
1514421720000,0.40430000,0.40430000,0.40430000,0.40430000,0.00000000,1514421779999,0.00000000,0,0.00000000,0.00000000
1514421780000,0.40430000,0.40430000,0.40430000,0.40430000,0.00000000,1514421839999,0.00000000,0,0.00000000,0.00000000
1514421840000,0.40430000,0.40430000,0.40430000,0.40430000,0.00000000,1514421899999,0.00000000,0,0.00000000,0.00000000
1514421900000,0.40430000,0.40430000,0.40430000,0.40430000,0.00000000,1514421959999,0.00000000,0,0.00000000,0.00000000
1514421960000,0.40430000,0.40430000,0.40430000,0.40430000,0.00000000,1514422019999,0.00000000,0,0.00000000,0.00000000
1514422020000,0.40430000,0.40430000,0.40430000,0.40430000,0.00000000,1514422079999,0.00000000,0,0.00000000,0.00000000
1514422080000,0.42895000,0.42895000,0.42895000,0.42895000,6.00000000,1514422139999,2.57370000,1,6.00000000,2.57370000
1514422140000,0.42895000,0.42895000,0.42895000,0.42895000,0.00000000,1514422199999,0.00000000,0,0.00000000,0.00000000
1514422200000,0.42895000,0.42895000,0.42895000,0.42895000,0.00000000,1514422259999,0.00000000,0,0.00000000,0.00000000
1514422260000,0.42895000,0.42895000,0.42895000,0.42895000,2.83000000,1514422319999,1.21392850,1,2.83000000,1.21392850
1514422320000,0.42895000,0.42895000,0.42895000,0.42895000,0.00000000,1514422379999,0.00000000,0,0.00000000,0.00000000
1514422380000,0.42895000,0.42895000,0.42895000,0.42895000,0.00000000,1514422439999,0.00000000,0,0.00000000,0.00000000
1514422440000,0.42895000,0.42895000,0.42895000,0.42895000,0.00000000,1514422499999,0.00000000,0,0.00000000,0.00000000
1514422500000,0.40500000,0.40500000,0.40500000,0.40500000,4.52000000,1514422559999,1.83060000,1,0.00000000,0.00000000
1514422560000,0.40500000,0.40500000,0.40500000,0.40500000,0.00000000,1514422619999,0.00000000,0,0.00000000,0.00000000
1514422620000,0.40500000,0.40500000,0.40500000,0.40500000,0.00000000,1514422679999,0.00000000,0,0.00000000,0.00000000
1514422680000,0.40500000,0.40500000,0.40500000,0.40500000,0.00000000,1514422739999,0.00000000,0,0.00000000,0.00000000
1514422740000,0.40500000,0.40500000,0.40500000,0.40500000,0.00000000,1514422799999,0.00000000,0,0.00000000,0.00000000
1514422800000,0.40500000,0.40500000,0.40500000,0.40500000,27.00000000,1514422859999,10.93500000,4,0.00000000,0.00000000
1514422860000,0.40500000,0.40500000,0.40429000,0.40500000,48.00000000,1514422919999,19.43227000,6,43.71000000,17.69747300
1514422920000,0.40500000,0.40500000,0.40500000,0.40500000,0.00000000,1514422979999,0.00000000,0,0.00000000,0.00000000
1514422980000,0.40500000,0.40500000,0.40500000,0.40500000,0.00000000,1514423039999,0.00000000,0,0.00000000,0.00000000
1514423040000,0.40500000,0.40500000,0.40500000,0.40500000,152.04000000,1514423099999,61.57620000,2,152.04000000,61.57620000
1514423100000,0.42622000,0.42622000,0.42622000,0.42622000,27.00000000,1514423159999,11.50794000,1,27.00000000,11.50794000
1514423160000,0.42622000,0.42622000,0.42622000,0.42622000,35.17000000,1514423219999,14.99015740,1,35.17000000,14.99015740
1514423220000,0.42622000,0.42622000,0.42622000,0.42622000,0.00000000,1514423279999,0.00000000,0,0.00000000,0.00000000
1514423280000,0.42622000,0.42622000,0.42622000,0.42622000,0.00000000,1514423339999,0.00000000,0,0.00000000,0.00000000
1514423340000,0.42622000,0.42622000,0.42622000,0.42622000,0.00000000,1514423399999,0.00000000,0,0.00000000,0.00000000
1514423400000,0.42622000,0.42622000,0.42622000,0.42622000,0.00000000,1514423459999,0.00000000,0,0.00000000,0.00000000
1514423460000,0.42622000,0.42622000,0.42622000,0.42622000,0.00000000,1514423519999,0.00000000,0,0.00000000,0.00000000
1514423520000,0.42622000,0.42622000,0.42622000,0.42622000,0.00000000,1514423579999,0.00000000,0,0.00000000,0.00000000
1514423580000,0.42622000,0.42622000,0.42622000,0.42622000,0.00000000,1514423639999,0.00000000,0,0.00000000,0.00000000
1514423640000,0.42000000,0.42000000,0.42000000,0.42000000,30.48000000,1514423699999,12.80160000,3,0.00000000,0.00000000
1514423700000,0.41999000,0.41999000,0.41999000,0.41999000,84.52000000,1514423759999,35.49755480,7,84.52000000,35.49755480
1514423760000,0.42896000,0.42896000,0.42896000,0.42896000,2.19000000,1514423819999,0.93942240,2,2.19000000,0.93942240
1514423820000,0.42000000,0.44416000,0.42000000,0.44416000,144.15000000,1514423879999,63.52236000,7,132.95000000,58.81836000
1514423880000,0.42896000,0.42896000,0.42896000,0.42896000,2.32000000,1514423939999,0.99518720,1,0.00000000,0.00000000
1514423940000,0.42896000,0.42896000,0.42896000,0.42896000,0.00000000,1514423999999,0.00000000,0,0.00000000,0.00000000
1514424000000,0.42896000,0.42896000,0.42896000,0.42896000,0.00000000,1514424059999,0.00000000,0,0.00000000,0.00000000
1514424060000,0.42896000,0.42896000,0.42896000,0.42896000,0.00000000,1514424119999,0.00000000,0,0.00000000,0.00000000
1514424120000,0.42896000,0.42896000,0.42896000,0.42896000,11.74000000,1514424179999,5.03599040,1,0.00000000,0.00000000
1514424180000,0.42896000,0.42896000,0.42896000,0.42896000,0.00000000,1514424239999,0.00000000,0,0.00000000,0.00000000
1514424240000,0.42500000,0.42500000,0.42500000,0.42500000,220.78000000,1514424299999,93.83150000,3,0.00000000,0.00000000
1514424300000,0.42842000,0.42842000,0.42842000,0.42842000,10.97000000,1514424359999,4.69976740,1,0.00000000,0.00000000
1514424360000,0.42500000,0.42500000,0.42500000,0.42500000,31.00000000,1514424419999,13.17500000,1,0.00000000,0.00000000
1514424420000,0.42500000,0.42500000,0.42500000,0.42500000,0.00000000,1514424479999,0.00000000,0,0.00000000,0.00000000
1514424480000,0.42842000,0.42896000,0.42842000,0.42896000,53.03000000,1514424539999,22.72559260,6,53.03000000,22.72559260
1514424540000,0.42842000,0.42842000,0.42842000,0.42842000,3.97000000,1514424599999,1.70082740,1,0.00000000,0.00000000
1514424600000,0.42500000,0.42500000,0.42500000,0.42500000,4.00000000,1514424659999,1.70000000,1,0.00000000,0.00000000
1514424660000,0.42500000,0.42500000,0.42500000,0.42500000,0.00000000,1514424719999,0.00000000,0,0.00000000,0.00000000
1514424720000,0.42500000,0.42500000,0.42500000,0.42500000,0.00000000,1514424779999,0.00000000,0,0.00000000,0.00000000
1514424780000,0.42500000,0.42500000,0.42500000,0.42500000,0.00000000,1514424839999,0.00000000,0,0.00000000,0.00000000
1514424840000,0.43999000,0.43999000,0.42550000,0.42550000,467.08000000,1514424899999,203.08954000,7,58.00000000,25.51942000
1514424900000,0.42550000,0.42550000,0.42550000,0.42550000,0.00000000,1514424959999,0.00000000,0,0.00000000,0.00000000
1514424960000,0.42550000,0.42550000,0.42550000,0.42550000,0.00000000,1514425019999,0.00000000,0,0.00000000,0.00000000
1514425020000,0.42550000,0.42550000,0.42550000,0.42550000,0.00000000,1514425079999,0.00000000,0,0.00000000,0.00000000
1514425080000,0.42550000,0.42550000,0.42550000,0.42550000,0.00000000,1514425139999,0.00000000,0,0.00000000,0.00000000
1514425140000,0.42550000,0.42550000,0.42550000,0.42550000,0.00000000,1514425199999,0.00000000,0,0.00000000,0.00000000
1514425200000,0.42550000,0.42550000,0.42550000,0.42550000,0.00000000,1514425259999,0.00000000,0,0.00000000,0.00000000
1514425260000,0.42550000,0.42550000,0.42550000,0.42550000,0.00000000,1514425319999,0.00000000,0,0.00000000,0.00000000
1514425320000,0.43999000,0.43999000,0.43999000,0.43999000,1.00000000,1514425379999,0.43999000,1,1.00000000,0.43999000
1514425380000,0.43999000,0.43999000,0.43999000,0.43999000,0.00000000,1514425439999,0.00000000,0,0.00000000,0.00000000
1514425440000,0.42000000,0.42000000,0.42000000,0.42000000,4.63000000,1514425499999,1.94460000,1,0.00000000,0.00000000
1514425500000,0.42000000,0.42000000,0.42000000,0.42000000,0.00000000,1514425559999,0.00000000,0,0.00000000,0.00000000
1514425560000,0.43999000,0.43999000,0.43999000,0.43999000,4.00000000,1514425619999,1.75996000,1,4.00000000,1.75996000
1514425620000,0.43999000,0.43999000,0.43999000,0.43999000,0.00000000,1514425679999,0.00000000,0,0.00000000,0.00000000
1514425680000,0.43999000,0.43999000,0.43999000,0.43999000,0.00000000,1514425739999,0.00000000,0,0.00000000,0.00000000
1514425740000,0.43999000,0.43999000,0.43999000,0.43999000,19.76000000,1514425799999,8.69420240,1,19.76000000,8.69420240
1514425800000,0.44912000,0.44912000,0.44912000,0.44912000,141.52000000,1514425859999,63.55946240,2,141.52000000,63.55946240
1514425860000,0.44912000,0.44913000,0.44912000,0.44913000,360.64000000,1514425919999,161.97161840,9,356.70000000,160.20204620
1514425920000,0.44913000,0.44913000,0.44913000,0.44913000,0.00000000,1514425979999,0.00000000,0,0.00000000,0.00000000
1514425980000,0.45723000,0.45723000,0.45723000,0.45723000,45.39000000,1514426039999,20.75366970,2,45.39000000,20.75366970
1514426040000,0.45723000,0.45723000,0.45723000,0.45723000,0.00000000,1514426099999,0.00000000,0,0.00000000,0.00000000
1514426100000,0.45723000,0.45723000,0.45723000,0.45723000,0.00000000,1514426159999,0.00000000,0,0.00000000,0.00000000
1514426160000,0.46000000,0.46000000,0.46000000,0.46000000,35.00000000,1514426219999,16.10000000,1,35.00000000,16.10000000
1514426220000,0.46000000,0.46000000,0.46000000,0.46000000,0.00000000,1514426279999,0.00000000,0,0.00000000,0.00000000
1514426280000,0.46000000,0.46000000,0.46000000,0.46000000,0.13000000,1514426339999,0.05980000,1,0.13000000,0.05980000
1514426340000,0.46000000,0.46000000,0.46000000,0.46000000,280.54000000,1514426399999,129.04840000,17,276.67000000,127.26820000
1514426400000,0.48044000,0.48717000,0.48044000,0.48717000,50.00000000,1514426459999,24.12968000,2,50.00000000,24.12968000
1514426460000,0.49000000,0.49000000,0.49000000,0.49000000,9.98000000,1514426519999,4.89020000,2,0.00000000,0.00000000
1514426520000,0.49000000,0.49000000,0.49000000,0.49000000,0.00000000,1514426579999,0.00000000,0,0.00000000,0.00000000
1514426580000,0.49000000,0.49000000,0.49000000,0.49000000,0.00000000,1514426639999,0.00000000,0,0.00000000,0.00000000
1514426640000,0.49000000,0.49000000,0.49000000,0.49000000,0.00000000,1514426699999,0.00000000,0,0.00000000,0.00000000
1514426700000,0.49000000,0.49000000,0.49000000,0.49000000,0.00000000,1514426759999,0.00000000,0,0.00000000,0.00000000
1514426760000,0.49000000,0.49000000,0.47311000,0.47311000,2680.86000000,1514426819999,1312.26783540,21,57.93000000,28.38570000
1514426820000,0.47311000,0.47311000,0.47311000,0.47311000,0.00000000,1514426879999,0.00000000,0,0.00000000,0.00000000
1514426880000,0.49000000,0.49000000,0.49000000,0.49000000,5.00000000,1514426939999,2.45000000,1,5.00000000,2.45000000
1514426940000,0.48999000,0.49000000,0.48999000,0.49000000,285.85000000,1514426999999,140.06570000,5,285.85000000,140.06570000
1514427000000,0.49000000,0.49000000,0.49000000,0.49000000,123.34000000,1514427059999,60.43660000,2,0.00000000,0.00000000
1514427060000,0.50000000,0.50000000,0.50000000,0.50000000,127.90000000,1514427119999,63.95000000,3,127.90000000,63.95000000
1514427120000,0.50000000,0.50000000,0.50000000,0.50000000,1878.88000000,1514427179999,939.44000000,11,266.10000000,133.05000000
1514427180000,0.50000000,0.50000000,0.50000000,0.50000000,7.00000000,1514427239999,3.50000000,3,3.52000000,1.76000000
1514427240000,0.50000000,0.50000000,0.50000000,0.50000000,0.00000000,1514427299999,0.00000000,0,0.00000000,0.00000000
1514427300000,0.50000000,0.50000000,0.50000000,0.50000000,0.00000000,1514427359999,0.00000000,0,0.00000000,0.00000000
1514427360000,0.50000000,0.50000000,0.50000000,0.50000000,0.00000000,1514427419999,0.00000000,0,0.00000000,0.00000000
1514427420000,0.50001000,0.50002000,0.50001000,0.50002000,93.00000000,1514427479999,46.50174000,2,0.00000000,0.00000000
1514427480000,0.50002000,0.50002000,0.49999000,0.49999000,207.55000000,1514427539999,103.77476200,15,48.45000000,24.22475000
1514427540000,0.49999000,0.50000000,0.49999000,0.50000000,71.88000000,1514427599999,35.93976550,3,71.88000000,35.93976550
1514427600000,0.48000000,0.49000000,0.48000000,0.49000000,10.00000000,1514427659999,4.86000000,2,0.00000000,0.00000000
1514427660000,0.49000000,0.49000000,0.49000000,0.49000000,253.00000000,1514427719999,123.97000000,3,1.00000000,0.49000000
1514427720000,0.48003000,0.48003000,0.46022000,0.48003000,705.68000000,1514427779999,334.77800320,9,178.68000000,85.77176040
1514427780000,0.48003000,0.48003000,0.48003000,0.48003000,64.01000000,1514427839999,30.72672030,7,33.00000000,15.84099000
1514427840000,0.48003000,0.48003000,0.48003000,0.48003000,0.00000000,1514427899999,0.00000000,0,0.00000000,0.00000000
1514427900000,0.48003000,0.48003000,0.48003000,0.48003000,0.00000000,1514427959999,0.00000000,0,0.00000000,0.00000000
1514427960000,0.48003000,0.48003000,0.48003000,0.48003000,0.00000000,1514428019999,0.00000000,0,0.00000000,0.00000000
1514428020000,0.48003000,0.48003000,0.48003000,0.48003000,0.00000000,1514428079999,0.00000000,0,0.00000000,0.00000000
1514428080000,0.48003000,0.48003000,0.48003000,0.48003000,0.00000000,1514428139999,0.00000000,0,0.00000000,0.00000000
1514428140000,0.48003000,0.48003000,0.48003000,0.48003000,0.00000000,1514428199999,0.00000000,0,0.00000000,0.00000000
1514428200000,0.48000000,0.48000000,0.48000000,0.48000000,38.00000000,1514428259999,18.24000000,1,38.00000000,18.24000000
1514428260000,0.48000000,0.48000000,0.48000000,0.48000000,0.00000000,1514428319999,0.00000000,0,0.00000000,0.00000000
1514428320000,0.48000000,0.48000000,0.48000000,0.48000000,0.00000000,1514428379999,0.00000000,0,0.00000000,0.00000000
1514428380000,0.48000000,0.48000000,0.48000000,0.48000000,0.00000000,1514428439999,0.00000000,0,0.00000000,0.00000000
1514428440000,0.48000000,0.48000000,0.48000000,0.48000000,155.84000000,1514428499999,74.80320000,2,155.84000000,74.80320000
1514428500000,0.48000000,0.48000000,0.48000000,0.48000000,0.00000000,1514428559999,0.00000000,0,0.00000000,0.00000000
1514428560000,0.48000000,0.48000000,0.48000000,0.48000000,0.00000000,1514428619999,0.00000000,0,0.00000000,0.00000000
1514428620000,0.48000000,0.48000000,0.48000000,0.48000000,0.00000000,1514428679999,0.00000000,0,0.00000000,0.00000000
1514428680000,0.48000000,0.48000000,0.48000000,0.48000000,119.77000000,1514428739999,57.48960000,8,119.77000000,57.48960000
1514428740000,0.48000000,0.48003000,0.48000000,0.48003000,3002.22000000,1514428799999,1441.15532490,19,3002.22000000,1441.15532490
1514428800000,0.48000000,0.48000000,0.46000000,0.46019000,278.56000000,1514428859999,128.26325000,6,0.00000000,0.00000000
1514428860000,0.46020000,0.46020000,0.46000000,0.46000000,431.29000000,1514428919999,198.47673530,6,0.00000000,0.00000000
1514428920000,0.46000000,0.46000000,0.46000000,0.46000000,450.00000000,1514428979999,207.00000000,5,3.04000000,1.39840000
1514428980000,0.44268000,0.44268000,0.42494000,0.42494000,2442.74000000,1514429039999,1039.82031960,7,1066.56000000,453.22400640
1514429040000,0.42494000,0.42494000,0.42494000,0.42494000,0.00000000,1514429099999,0.00000000,0,0.00000000,0.00000000
1514429100000,0.42494000,0.42494000,0.42494000,0.42494000,0.00000000,1514429159999,0.00000000,0,0.00000000,0.00000000
1514429160000,0.42494000,0.42494000,0.42494000,0.42494000,0.00000000,1514429219999,0.00000000,0,0.00000000,0.00000000
1514429220000,0.42494000,0.42494000,0.42494000,0.42494000,0.00000000,1514429279999,0.00000000,0,0.00000000,0.00000000
1514429280000,0.42494000,0.42494000,0.42494000,0.42494000,0.00000000,1514429339999,0.00000000,0,0.00000000,0.00000000
1514429340000,0.42494000,0.42494000,0.42494000,0.42494000,0.00000000,1514429399999,0.00000000,0,0.00000000,0.00000000
1514429400000,0.42494000,0.42494000,0.42494000,0.42494000,1049.33000000,1514429459999,445.90229020,3,1049.33000000,445.90229020
1514429460000,0.42494000,0.42494000,0.42494000,0.42494000,0.00000000,1514429519999,0.00000000,0,0.00000000,0.00000000
1514429520000,0.45599000,0.45599000,0.42493000,0.42494000,334.38000000,1514429579999,142.35577990,8,33.85000000,14.64856170
1514429580000,0.42494000,0.42494000,0.42494000,0.42494000,4.13000000,1514429639999,1.75500220,1,4.13000000,1.75500220
1514429640000,0.42494000,0.42494000,0.42494000,0.42494000,0.00000000,1514429699999,0.00000000,0,0.00000000,0.00000000
1514429700000,0.42494000,0.42494000,0.42494000,0.42494000,1034.17000000,1514429759999,439.46019980,16,1034.17000000,439.46019980
1514429760000,0.42494000,0.42494000,0.42494000,0.42494000,11.74000000,1514429819999,4.98879560,1,11.74000000,4.98879560
1514429820000,0.42494000,0.42494000,0.42494000,0.42494000,3.43000000,1514429879999,1.45754420,2,3.43000000,1.45754420
1514429880000,0.42494000,0.42494000,0.42494000,0.42494000,0.00000000,1514429939999,0.00000000,0,0.00000000,0.00000000
1514429940000,0.45042000,0.45042000,0.45042000,0.45042000,494.00000000,1514429999999,222.50748000,11,494.00000000,222.50748000
1514430000000,0.46020000,0.47579000,0.46020000,0.47579000,2484.14000000,1514430059999,1181.77050980,5,2255.52000000,1072.99540000
1514430060000,0.47579000,0.47579000,0.47579000,0.47579000,0.00000000,1514430119999,0.00000000,0,0.00000000,0.00000000
1514430120000,0.47548000,0.47549000,0.47548000,0.47549000,304.53000000,1514430179999,144.79976970,3,304.53000000,144.79976970
1514430180000,0.47549000,0.47549000,0.47549000,0.47549000,0.00000000,1514430239999,0.00000000,0,0.00000000,0.00000000
1514430240000,0.47549000,0.47549000,0.47549000,0.47549000,0.00000000,1514430299999,0.00000000,0,0.00000000,0.00000000
1514430300000,0.47549000,0.47549000,0.47549000,0.47549000,0.00000000,1514430359999,0.00000000,0,0.00000000,0.00000000
1514430360000,0.47549000,0.47549000,0.47549000,0.47549000,0.00000000,1514430419999,0.00000000,0,0.00000000,0.00000000
1514430420000,0.42001000,0.42001000,0.42001000,0.42001000,2.77000000,1514430479999,1.16342770,1,0.00000000,0.00000000
1514430480000,0.42001000,0.42001000,0.42001000,0.42001000,181.00000000,1514430539999,76.02181000,1,0.00000000,0.00000000
1514430540000,0.42001000,0.42001000,0.42001000,0.42001000,0.00000000,1514430599999,0.00000000,0,0.00000000,0.00000000
1514430600000,0.42001000,0.42001000,0.42001000,0.42001000,0.00000000,1514430659999,0.00000000,0,0.00000000,0.00000000
1514430660000,0.42001000,0.42001000,0.42001000,0.42001000,0.00000000,1514430719999,0.00000000,0,0.00000000,0.00000000
1514430720000,0.42001000,0.42001000,0.42001000,0.42001000,0.00000000,1514430779999,0.00000000,0,0.00000000,0.00000000
1514430780000,0.42001000,0.42001000,0.42001000,0.42001000,0.00000000,1514430839999,0.00000000,0,0.00000000,0.00000000
1514430840000,0.42001000,0.42001000,0.42001000,0.42001000,0.00000000,1514430899999,0.00000000,0,0.00000000,0.00000000
1514430900000,0.42001000,0.42001000,0.42001000,0.42001000,0.00000000,1514430959999,0.00000000,0,0.00000000,0.00000000
1514430960000,0.42001000,0.42001000,0.42001000,0.42001000,0.00000000,1514431019999,0.00000000,0,0.00000000,0.00000000
1514431020000,0.42001000,0.42001000,0.42001000,0.42001000,0.00000000,1514431079999,0.00000000,0,0.00000000,0.00000000
1514431080000,0.42001000,0.44799000,0.42001000,0.44799000,63.43000000,1514431139999,28.32003430,2,60.00000000,26.87940000
1514431140000,0.44799000,0.44799000,0.44799000,0.44799000,0.00000000,1514431199999,0.00000000,0,0.00000000,0.00000000
1514431200000,0.44799000,0.44799000,0.44799000,0.44799000,0.00000000,1514431259999,0.00000000,0,0.00000000,0.00000000
1514431260000,0.44799000,0.44799000,0.44799000,0.44799000,0.00000000,1514431319999,0.00000000,0,0.00000000,0.00000000
1514431320000,0.44799000,0.44799000,0.44799000,0.44799000,0.00000000,1514431379999,0.00000000,0,0.00000000,0.00000000
1514431380000,0.44799000,0.44799000,0.44799000,0.44799000,0.00000000,1514431439999,0.00000000,0,0.00000000,0.00000000
1514431440000,0.44799000,0.44799000,0.44799000,0.44799000,0.00000000,1514431499999,0.00000000,0,0.00000000,0.00000000
1514431500000,0.43500000,0.43500000,0.43500000,0.43500000,107.74000000,1514431559999,46.86690000,2,0.00000000,0.00000000
1514431560000,0.43500000,0.43500000,0.43500000,0.43500000,0.00000000,1514431619999,0.00000000,0,0.00000000,0.00000000
1514431620000,0.43500000,0.43500000,0.43500000,0.43500000,167.05000000,1514431679999,72.66675000,4,167.05000000,72.66675000
1514431680000,0.43500000,0.43500000,0.43500000,0.43500000,4.95000000,1514431739999,2.15325000,1,0.00000000,0.00000000
1514431740000,0.43500000,0.43500000,0.43500000,0.43500000,0.00000000,1514431799999,0.00000000,0,0.00000000,0.00000000
1514431800000,0.44565000,0.44565000,0.44565000,0.44565000,0.05000000,1514431859999,0.02228250,1,0.05000000,0.02228250
1514431860000,0.44565000,0.44565000,0.44565000,0.44565000,0.00000000,1514431919999,0.00000000,0,0.00000000,0.00000000
1514431920000,0.44565000,0.44565000,0.44565000,0.44565000,0.00000000,1514431979999,0.00000000,0,0.00000000,0.00000000
1514431980000,0.44565000,0.44565000,0.44565000,0.44565000,0.00000000,1514432039999,0.00000000,0,0.00000000,0.00000000
1514432040000,0.44565000,0.44565000,0.44565000,0.44565000,0.00000000,1514432099999,0.00000000,0,0.00000000,0.00000000
1514432100000,0.44565000,0.44565000,0.44565000,0.44565000,0.00000000,1514432159999,0.00000000,0,0.00000000,0.00000000
1514432160000,0.44565000,0.44565000,0.44565000,0.44565000,30.43000000,1514432219999,13.56112950,3,30.43000000,13.56112950
1514432220000,0.44565000,0.44565000,0.44565000,0.44565000,0.00000000,1514432279999,0.00000000,0,0.00000000,0.00000000
1514432280000,0.44565000,0.44565000,0.44565000,0.44565000,0.00000000,1514432339999,0.00000000,0,0.00000000,0.00000000
1514432340000,0.44565000,0.44565000,0.44565000,0.44565000,0.00000000,1514432399999,0.00000000,0,0.00000000,0.00000000
1514432400000,0.44565000,0.44565000,0.44565000,0.44565000,0.00000000,1514432459999,0.00000000,0,0.00000000,0.00000000
1514432460000,0.44565000,0.44565000,0.44565000,0.44565000,0.00000000,1514432519999,0.00000000,0,0.00000000,0.00000000
1514432520000,0.44565000,0.44565000,0.44565000,0.44565000,0.00000000,1514432579999,0.00000000,0,0.00000000,0.00000000
1514432580000,0.44565000,0.44565000,0.44565000,0.44565000,0.00000000,1514432639999,0.00000000,0,0.00000000,0.00000000
1514432640000,0.44565000,0.44565000,0.44565000,0.44565000,0.00000000,1514432699999,0.00000000,0,0.00000000,0.00000000
1514432700000,0.44565000,0.44565000,0.44565000,0.44565000,0.00000000,1514432759999,0.00000000,0,0.00000000,0.00000000
1514432760000,0.44565000,0.44565000,0.44565000,0.44565000,0.00000000,1514432819999,0.00000000,0,0.00000000,0.00000000
1514432820000,0.44565000,0.44565000,0.44565000,0.44565000,0.00000000,1514432879999,0.00000000,0,0.00000000,0.00000000
1514432880000,0.44565000,0.44565000,0.44565000,0.44565000,0.00000000,1514432939999,0.00000000,0,0.00000000,0.00000000
1514432940000,0.44565000,0.44565000,0.44565000,0.44565000,0.00000000,1514432999999,0.00000000,0,0.00000000,0.00000000
1514433000000,0.44565000,0.44565000,0.44565000,0.44565000,0.00000000,1514433059999,0.00000000,0,0.00000000,0.00000000
1514433060000,0.44565000,0.44565000,0.44565000,0.44565000,0.00000000,1514433119999,0.00000000,0,0.00000000,0.00000000
1514433120000,0.44565000,0.44565000,0.44565000,0.44565000,0.00000000,1514433179999,0.00000000,0,0.00000000,0.00000000
1514433180000,0.44565000,0.44565000,0.44565000,0.44565000,0.00000000,1514433239999,0.00000000,0,0.00000000,0.00000000
1514433240000,0.44565000,0.44565000,0.44565000,0.44565000,0.00000000,1514433299999,0.00000000,0,0.00000000,0.00000000
1514433300000,0.44565000,0.44565000,0.44565000,0.44565000,0.00000000,1514433359999,0.00000000,0,0.00000000,0.00000000
1514433360000,0.44565000,0.44565000,0.44565000,0.44565000,0.00000000,1514433419999,0.00000000,0,0.00000000,0.00000000
1514433420000,0.44565000,0.44565000,0.44565000,0.44565000,0.00000000,1514433479999,0.00000000,0,0.00000000,0.00000000
1514433480000,0.44565000,0.44565000,0.44565000,0.44565000,0.00000000,1514433539999,0.00000000,0,0.00000000,0.00000000
1514433540000,0.44565000,0.44565000,0.44565000,0.44565000,0.00000000,1514433599999,0.00000000,0,0.00000000,0.00000000
1514433600000,0.44565000,0.44565000,0.44565000,0.44565000,0.00000000,1514433659999,0.00000000,0,0.00000000,0.00000000
1514433660000,0.46000000,0.46000000,0.46000000,0.46000000,28.00000000,1514433719999,12.88000000,1,0.00000000,0.00000000
1514433720000,0.46000000,0.46000000,0.46000000,0.46000000,50.00000000,1514433779999,23.00000000,2,50.00000000,23.00000000
1514433780000,0.46000000,0.46000000,0.46000000,0.46000000,0.00000000,1514433839999,0.00000000,0,0.00000000,0.00000000
1514433840000,0.45000000,0.45000000,0.45000000,0.45000000,64.55000000,1514433899999,29.04750000,2,64.55000000,29.04750000
1514433900000,0.45000000,0.45000000,0.45000000,0.45000000,0.00000000,1514433959999,0.00000000,0,0.00000000,0.00000000
1514433960000,0.45000000,0.45000000,0.45000000,0.45000000,0.00000000,1514434019999,0.00000000,0,0.00000000,0.00000000
1514434020000,0.45000000,0.45000000,0.45000000,0.45000000,0.00000000,1514434079999,0.00000000,0,0.00000000,0.00000000
1514434080000,0.45000000,0.45000000,0.45000000,0.45000000,0.00000000,1514434139999,0.00000000,0,0.00000000,0.00000000
1514434140000,0.45000000,0.45000000,0.45000000,0.45000000,0.00000000,1514434199999,0.00000000,0,0.00000000,0.00000000
1514434200000,0.45000000,0.45000000,0.45000000,0.45000000,0.00000000,1514434259999,0.00000000,0,0.00000000,0.00000000
1514434260000,0.45000000,0.45000000,0.45000000,0.45000000,18.48000000,1514434319999,8.31600000,2,18.48000000,8.31600000
1514434320000,0.45000000,0.45000000,0.45000000,0.45000000,0.00000000,1514434379999,0.00000000,0,0.00000000,0.00000000
1514434380000,0.45000000,0.45000000,0.45000000,0.45000000,0.00000000,1514434439999,0.00000000,0,0.00000000,0.00000000
1514434440000,0.44566000,0.46834000,0.44565000,0.46834000,259.92000000,1514434499999,118.83225860,8,150.00000000,69.84540140
1514434500000,0.46834000,0.46834000,0.46834000,0.46834000,0.00000000,1514434559999,0.00000000,0,0.00000000,0.00000000
1514434560000,0.46834000,0.46834000,0.46834000,0.46834000,0.00000000,1514434619999,0.00000000,0,0.00000000,0.00000000
1514434620000,0.46834000,0.46834000,0.46834000,0.46834000,0.00000000,1514434679999,0.00000000,0,0.00000000,0.00000000
1514434680000,0.46834000,0.46834000,0.46834000,0.46834000,0.00000000,1514434739999,0.00000000,0,0.00000000,0.00000000
1514434740000,0.46834000,0.46834000,0.46834000,0.46834000,0.00000000,1514434799999,0.00000000,0,0.00000000,0.00000000
1514434800000,0.44565000,0.44565000,0.44565000,0.44565000,0.20000000,1514434859999,0.08913000,1,0.00000000,0.00000000
1514434860000,0.44565000,0.44565000,0.44565000,0.44565000,155.54000000,1514434919999,69.31640100,6,3.80000000,1.69347000
1514434920000,0.44565000,0.44565000,0.44565000,0.44565000,0.00000000,1514434979999,0.00000000,0,0.00000000,0.00000000
1514434980000,0.44565000,0.44565000,0.44565000,0.44565000,0.00000000,1514435039999,0.00000000,0,0.00000000,0.00000000
1514435040000,0.44564000,0.44564000,0.44564000,0.44564000,2.60000000,1514435099999,1.15866400,1,2.60000000,1.15866400
1514435100000,0.44564000,0.44564000,0.44564000,0.44564000,5.00000000,1514435159999,2.22820000,1,5.00000000,2.22820000
1514435160000,0.44564000,0.44564000,0.44564000,0.44564000,0.00000000,1514435219999,0.00000000,0,0.00000000,0.00000000
1514435220000,0.44564000,0.44564000,0.44564000,0.44564000,0.00000000,1514435279999,0.00000000,0,0.00000000,0.00000000
1514435280000,0.44564000,0.44564000,0.44564000,0.44564000,0.00000000,1514435339999,0.00000000,0,0.00000000,0.00000000
1514435340000,0.44564000,0.44564000,0.44564000,0.44564000,0.00000000,1514435399999,0.00000000,0,0.00000000,0.00000000
1514435400000,0.44564000,0.44564000,0.44564000,0.44564000,0.00000000,1514435459999,0.00000000,0,0.00000000,0.00000000
1514435460000,0.44564000,0.44564000,0.44564000,0.44564000,0.00000000,1514435519999,0.00000000,0,0.00000000,0.00000000
1514435520000,0.44564000,0.44564000,0.44564000,0.44564000,0.00000000,1514435579999,0.00000000,0,0.00000000,0.00000000
1514435580000,0.44564000,0.44564000,0.44564000,0.44564000,0.00000000,1514435639999,0.00000000,0,0.00000000,0.00000000
1514435640000,0.43151000,0.43151000,0.43151000,0.43151000,158.00000000,1514435699999,68.17858000,3,158.00000000,68.17858000
1514435700000,0.43151000,0.43151000,0.43151000,0.43151000,0.00000000,1514435759999,0.00000000,0,0.00000000,0.00000000
1514435760000,0.43051000,0.43051000,0.42282000,0.42282000,8.00000000,1514435819999,3.43633300,10,0.00000000,0.00000000
1514435820000,0.42282000,0.42284000,0.42282000,0.42284000,26.00000000,1514435879999,10.99336000,26,0.00000000,0.00000000
1514435880000,0.42284000,0.42298000,0.42284000,0.42298000,30.00000000,1514435939999,12.68676000,23,0.00000000,0.00000000
1514435940000,0.42399000,0.42399000,0.42399000,0.42399000,10.00000000,1514435999999,4.23990000,1,0.00000000,0.00000000
1514436000000,0.44564000,0.44564000,0.42402000,0.42402000,10.25000000,1514436059999,4.45430500,6,5.00000000,2.22820000
1514436060000,0.44564000,0.44564000,0.42202000,0.42202000,28.00000000,1514436119999,12.14724000,28,14.00000000,6.23896000
1514436120000,0.44563000,0.44563000,0.44563000,0.44563000,40.58000000,1514436179999,18.08366540,21,40.58000000,18.08366540
1514436180000,0.42202000,0.44563000,0.42202000,0.42204000,21.00000000,1514436239999,8.88608000,11,1.00000000,0.44563000
1514436240000,0.44565000,0.44565000,0.44565000,0.44565000,52.00000000,1514436299999,23.17380000,5,52.00000000,23.17380000
1514436300000,0.44565000,0.44565000,0.44565000,0.44565000,0.00000000,1514436359999,0.00000000,0,0.00000000,0.00000000
1514436360000,0.44565000,0.44565000,0.44565000,0.44565000,0.00000000,1514436419999,0.00000000,0,0.00000000,0.00000000
1514436420000,0.44565000,0.45708000,0.44565000,0.45708000,98.73000000,1514436479999,44.07823440,28,98.73000000,44.07823440
1514436480000,0.45708000,0.45708000,0.42205000,0.42205000,10.00000000,1514436539999,4.50074000,10,8.00000000,3.65664000
1514436540000,0.44565000,0.44565000,0.42205000,0.42205000,14.89000000,1514436599999,6.47047960,10,3.00000000,1.33695000
1514436600000,0.42206000,0.44564000,0.42206000,0.44564000,55.40000000,1514436659999,23.85372400,3,51.61000000,22.25411660
1514436660000,0.45580000,0.45580000,0.45575000,0.45575000,15.00000000,1514436719999,6.83657000,16,15.00000000,6.83657000
1514436720000,0.45575000,0.45575000,0.43355000,0.44573000,39.00000000,1514436779999,17.49153000,14,38.00000000,17.05798000
1514436780000,0.45575000,0.46898000,0.42573000,0.42573000,79.54000000,1514436839999,35.11308360,18,25.54000000,11.74422180
1514436840000,0.46896000,0.46896000,0.42500000,0.42501000,72.03000000,1514436899999,32.20541650,6,36.23000000,16.99015070
1514436900000,0.46892000,0.46892000,0.42501000,0.42501000,12.00000000,1514436959999,5.36358000,9,6.00000000,2.81352000
1514436960000,0.42501000,0.42501000,0.42501000,0.42501000,0.00000000,1514437019999,0.00000000,0,0.00000000,0.00000000
1514437020000,0.42501000,0.42501000,0.42501000,0.42501000,0.00000000,1514437079999,0.00000000,0,0.00000000,0.00000000
1514437080000,0.42501000,0.42501000,0.42501000,0.42501000,0.00000000,1514437139999,0.00000000,0,0.00000000,0.00000000
1514437140000,0.45983000,0.45983000,0.45983000,0.45983000,4.00000000,1514437199999,1.83932000,1,4.00000000,1.83932000
1514437200000,0.45974000,0.45983000,0.45974000,0.45983000,52.24000000,1514437259999,24.01827920,5,36.00000000,16.55064000
1514437260000,0.45983000,0.45983000,0.45983000,0.45983000,0.00000000,1514437319999,0.00000000,0,0.00000000,0.00000000
1514437320000,0.42522000,0.42522000,0.42522000,0.42522000,4.00000000,1514437379999,1.70088000,1,0.00000000,0.00000000
1514437380000,0.42522000,0.42522000,0.42522000,0.42522000,0.00000000,1514437439999,0.00000000,0,0.00000000,0.00000000
1514437440000,0.42522000,0.42522000,0.42522000,0.42522000,0.00000000,1514437499999,0.00000000,0,0.00000000,0.00000000
1514437500000,0.42522000,0.42522000,0.42522000,0.42522000,0.00000000,1514437559999,0.00000000,0,0.00000000,0.00000000
1514437560000,0.42522000,0.42522000,0.42522000,0.42522000,0.00000000,1514437619999,0.00000000,0,0.00000000,0.00000000
1514437620000,0.42522000,0.42522000,0.42522000,0.42522000,11.74000000,1514437679999,4.99208280,1,0.00000000,0.00000000
1514437680000,0.42522000,0.42522000,0.42522000,0.42522000,0.00000000,1514437739999,0.00000000,0,0.00000000,0.00000000
1514437740000,0.42522000,0.42522000,0.42522000,0.42522000,18.40000000,1514437799999,7.82404800,1,0.00000000,0.00000000
1514437800000,0.42522000,0.42522000,0.42522000,0.42522000,0.00000000,1514437859999,0.00000000,0,0.00000000,0.00000000
1514437860000,0.42522000,0.42522000,0.42522000,0.42522000,0.00000000,1514437919999,0.00000000,0,0.00000000,0.00000000
1514437920000,0.42522000,0.42522000,0.42522000,0.42522000,0.00000000,1514437979999,0.00000000,0,0.00000000,0.00000000
1514437980000,0.42522000,0.42522000,0.42522000,0.42522000,0.00000000,1514438039999,0.00000000,0,0.00000000,0.00000000
1514438040000,0.45976000,0.45976000,0.45976000,0.45976000,3.00000000,1514438099999,1.37928000,1,3.00000000,1.37928000
1514438100000,0.45976000,0.45976000,0.45976000,0.45976000,0.00000000,1514438159999,0.00000000,0,0.00000000,0.00000000
1514438160000,0.45976000,0.45976000,0.45976000,0.45976000,0.00000000,1514438219999,0.00000000,0,0.00000000,0.00000000
1514438220000,0.45976000,0.45976000,0.45976000,0.45976000,12.85000000,1514438279999,5.90791600,2,12.85000000,5.90791600
1514438280000,0.45975000,0.45975000,0.45975000,0.45975000,109.41000000,1514438339999,50.30124750,2,109.41000000,50.30124750
1514438340000,0.43099000,0.43099000,0.43000000,0.43000000,109.30000000,1514438399999,47.00137600,2,0.00000000,0.00000000
1514438400000,0.45975000,0.45975000,0.45975000,0.45975000,3.91000000,1514438459999,1.79762250,1,3.91000000,1.79762250
1514438460000,0.45974000,0.45974000,0.45974000,0.45974000,5.00000000,1514438519999,2.29870000,1,5.00000000,2.29870000
1514438520000,0.45974000,0.45974000,0.45974000,0.45974000,0.00000000,1514438579999,0.00000000,0,0.00000000,0.00000000
1514438580000,0.45974000,0.45974000,0.45974000,0.45974000,0.00000000,1514438639999,0.00000000,0,0.00000000,0.00000000
1514438640000,0.45974000,0.45974000,0.45851000,0.45851000,138.36000000,1514438699999,63.60303360,4,102.00000000,46.89348000
1514438700000,0.44199000,0.44199000,0.44199000,0.44199000,2.40000000,1514438759999,1.06077600,1,2.40000000,1.06077600
1514438760000,0.44199000,0.44199000,0.44199000,0.44199000,0.00000000,1514438819999,0.00000000,0,0.00000000,0.00000000
1514438820000,0.45851000,0.45851000,0.45851000,0.45851000,4.10000000,1514438879999,1.87989100,1,4.10000000,1.87989100
1514438880000,0.45851000,0.45983000,0.45851000,0.45983000,28.30000000,1514438939999,13.01226620,6,28.30000000,13.01226620
1514438940000,0.45983000,0.45983000,0.45983000,0.45983000,0.00000000,1514438999999,0.00000000,0,0.00000000,0.00000000
1514439000000,0.45983000,0.45983000,0.45983000,0.45983000,0.00000000,1514439059999,0.00000000,0,0.00000000,0.00000000
1514439060000,0.45983000,0.45983000,0.45983000,0.45983000,34.28000000,1514439119999,15.76297240,1,34.28000000,15.76297240
1514439120000,0.45983000,0.45983000,0.45983000,0.45983000,0.00000000,1514439179999,0.00000000,0,0.00000000,0.00000000
1514439180000,0.45983000,0.45983000,0.45983000,0.45983000,0.00000000,1514439239999,0.00000000,0,0.00000000,0.00000000
1514439240000,0.45983000,0.45983000,0.45983000,0.45983000,0.00000000,1514439299999,0.00000000,0,0.00000000,0.00000000
1514439300000,0.45983000,0.45983000,0.45983000,0.45983000,0.00000000,1514439359999,0.00000000,0,0.00000000,0.00000000
1514439360000,0.45983000,0.45983000,0.45983000,0.45983000,0.00000000,1514439419999,0.00000000,0,0.00000000,0.00000000
1514439420000,0.45983000,0.45983000,0.45983000,0.45983000,0.00000000,1514439479999,0.00000000,0,0.00000000,0.00000000
1514439480000,0.45983000,0.45983000,0.45983000,0.45983000,0.00000000,1514439539999,0.00000000,0,0.00000000,0.00000000
1514439540000,0.45983000,0.45983000,0.45983000,0.45983000,0.00000000,1514439599999,0.00000000,0,0.00000000,0.00000000
1514439600000,0.45983000,0.45983000,0.45983000,0.45983000,269.61000000,1514439659999,123.97476630,2,269.61000000,123.97476630
1514439660000,0.47499000,0.47499000,0.47499000,0.47499000,0.90000000,1514439719999,0.42749100,1,0.90000000,0.42749100
1514439720000,0.47499000,0.47499000,0.47499000,0.47499000,0.00000000,1514439779999,0.00000000,0,0.00000000,0.00000000
1514439780000,0.43737000,0.43737000,0.43737000,0.43737000,14.00000000,1514439839999,6.12318000,1,0.00000000,0.00000000
1514439840000,0.43737000,0.43737000,0.43737000,0.43737000,0.00000000,1514439899999,0.00000000,0,0.00000000,0.00000000
1514439900000,0.43737000,0.43737000,0.43737000,0.43737000,0.00000000,1514439959999,0.00000000,0,0.00000000,0.00000000
1514439960000,0.43737000,0.43737000,0.43737000,0.43737000,0.00000000,1514440019999,0.00000000,0,0.00000000,0.00000000
1514440020000,0.43737000,0.43737000,0.43737000,0.43737000,0.00000000,1514440079999,0.00000000,0,0.00000000,0.00000000
1514440080000,0.47495000,0.47495000,0.47495000,0.47495000,0.41000000,1514440139999,0.19472950,1,0.41000000,0.19472950
1514440140000,0.47495000,0.47495000,0.47495000,0.47495000,0.00000000,1514440199999,0.00000000,0,0.00000000,0.00000000
1514440200000,0.47493000,0.47493000,0.47493000,0.47493000,14.04000000,1514440259999,6.66801720,2,14.04000000,6.66801720
1514440260000,0.43960000,0.43960000,0.43960000,0.43960000,1.00000000,1514440319999,0.43960000,1,0.00000000,0.00000000
1514440320000,0.44335000,0.44335000,0.44335000,0.44335000,14.47000000,1514440379999,6.41527450,1,0.00000000,0.00000000
1514440380000,0.44335000,0.44335000,0.44335000,0.44335000,0.00000000,1514440439999,0.00000000,0,0.00000000,0.00000000
1514440440000,0.47489000,0.47489000,0.45990000,0.45990000,21.94000000,1514440499999,10.13472630,12,2.97000000,1.41042330
1514440500000,0.45990000,0.47487000,0.44698000,0.45699000,27.67000000,1514440559999,12.85476370,18,12.09000000,5.74117830
1514440560000,0.45699000,0.47500000,0.45100000,0.47500000,58.91000000,1514440619999,27.83212160,11,50.91000000,24.18213170
1514440620000,0.46000000,0.46000000,0.46000000,0.46000000,0.59000000,1514440679999,0.27140000,1,0.00000000,0.00000000
1514440680000,0.49737000,0.49737000,0.45700000,0.45700000,16.17000000,1514440739999,7.80143090,7,6.00000000,2.95421000
1514440740000,0.45700000,0.46700000,0.45700000,0.46700000,9.14000000,1514440799999,4.18838000,10,0.00000000,0.00000000
1514440800000,0.46700000,0.48735000,0.45702000,0.48728000,42.76000000,1514440859999,20.27458160,20,16.48000000,8.03076360
1514440860000,0.48728000,0.48728000,0.48728000,0.48728000,5.81000000,1514440919999,2.83109680,2,5.81000000,2.83109680
1514440920000,0.48728000,0.48728000,0.48728000,0.48728000,0.00000000,1514440979999,0.00000000,0,0.00000000,0.00000000
1514440980000,0.48728000,0.48728000,0.48728000,0.48728000,0.00000000,1514441039999,0.00000000,0,0.00000000,0.00000000
1514441040000,0.48728000,0.48728000,0.48728000,0.48728000,0.00000000,1514441099999,0.00000000,0,0.00000000,0.00000000
1514441100000,0.48728000,0.48728000,0.48728000,0.48728000,0.00000000,1514441159999,0.00000000,0,0.00000000,0.00000000
1514441160000,0.48728000,0.48728000,0.48728000,0.48728000,0.00000000,1514441219999,0.00000000,0,0.00000000,0.00000000
1514441220000,0.48728000,0.48728000,0.48728000,0.48728000,0.00000000,1514441279999,0.00000000,0,0.00000000,0.00000000
1514441280000,0.48725000,0.48725000,0.48725000,0.48725000,0.82000000,1514441339999,0.39954500,1,0.82000000,0.39954500
1514441340000,0.48725000,0.48725000,0.48725000,0.48725000,0.00000000,1514441399999,0.00000000,0,0.00000000,0.00000000
1514441400000,0.48725000,0.48725000,0.48725000,0.48725000,0.00000000,1514441459999,0.00000000,0,0.00000000,0.00000000
1514441460000,0.48725000,0.48725000,0.48725000,0.48725000,0.00000000,1514441519999,0.00000000,0,0.00000000,0.00000000
1514441520000,0.48725000,0.48725000,0.48725000,0.48725000,0.00000000,1514441579999,0.00000000,0,0.00000000,0.00000000
1514441580000,0.48725000,0.48725000,0.48725000,0.48725000,0.00000000,1514441639999,0.00000000,0,0.00000000,0.00000000
1514441640000,0.48725000,0.48725000,0.48725000,0.48725000,0.00000000,1514441699999,0.00000000,0,0.00000000,0.00000000
1514441700000,0.48725000,0.48725000,0.48725000,0.48725000,0.00000000,1514441759999,0.00000000,0,0.00000000,0.00000000
1514441760000,0.48725000,0.48725000,0.48725000,0.48725000,0.00000000,1514441819999,0.00000000,0,0.00000000,0.00000000
1514441820000,0.48725000,0.48725000,0.48725000,0.48725000,0.00000000,1514441879999,0.00000000,0,0.00000000,0.00000000
1514441880000,0.48715000,0.48715000,0.48715000,0.48715000,8.79000000,1514441939999,4.28204850,1,8.79000000,4.28204850
1514441940000,0.48715000,0.48715000,0.48715000,0.48715000,0.00000000,1514441999999,0.00000000,0,0.00000000,0.00000000
1514442000000,0.48715000,0.48715000,0.48715000,0.48715000,0.00000000,1514442059999,0.00000000,0,0.00000000,0.00000000
1514442060000,0.48715000,0.48715000,0.48715000,0.48715000,0.00000000,1514442119999,0.00000000,0,0.00000000,0.00000000
1514442120000,0.48715000,0.48715000,0.48715000,0.48715000,0.00000000,1514442179999,0.00000000,0,0.00000000,0.00000000
1514442180000,0.48715000,0.48715000,0.48715000,0.48715000,0.00000000,1514442239999,0.00000000,0,0.00000000,0.00000000
1514442240000,0.48715000,0.48715000,0.48715000,0.48715000,0.00000000,1514442299999,0.00000000,0,0.00000000,0.00000000
1514442300000,0.48715000,0.48715000,0.48715000,0.48715000,0.00000000,1514442359999,0.00000000,0,0.00000000,0.00000000
1514442360000,0.48715000,0.48715000,0.48715000,0.48715000,0.00000000,1514442419999,0.00000000,0,0.00000000,0.00000000
1514442420000,0.48715000,0.48715000,0.48715000,0.48715000,0.00000000,1514442479999,0.00000000,0,0.00000000,0.00000000
1514442480000,0.48715000,0.48715000,0.48715000,0.48715000,0.00000000,1514442539999,0.00000000,0,0.00000000,0.00000000
1514442540000,0.48715000,0.48715000,0.48715000,0.48715000,0.00000000,1514442599999,0.00000000,0,0.00000000,0.00000000
1514442600000,0.48715000,0.48715000,0.48715000,0.48715000,0.00000000,1514442659999,0.00000000,0,0.00000000,0.00000000
1514442660000,0.48715000,0.48715000,0.48715000,0.48715000,0.00000000,1514442719999,0.00000000,0,0.00000000,0.00000000
1514442720000,0.48715000,0.48715000,0.48715000,0.48715000,0.00000000,1514442779999,0.00000000,0,0.00000000,0.00000000
1514442780000,0.46717000,0.46717000,0.44943000,0.44943000,14.00000000,1514442839999,6.36703980,4,0.00000000,0.00000000
1514442840000,0.44943000,0.44943000,0.44943000,0.44943000,0.00000000,1514442899999,0.00000000,0,0.00000000,0.00000000
1514442900000,0.44943000,0.44943000,0.44943000,0.44943000,133.00000000,1514442959999,59.77419000,1,0.00000000,0.00000000
1514442960000,0.44943000,0.44943000,0.44943000,0.44943000,0.00000000,1514443019999,0.00000000,0,0.00000000,0.00000000
1514443020000,0.44943000,0.44943000,0.44943000,0.44943000,0.00000000,1514443079999,0.00000000,0,0.00000000,0.00000000
1514443080000,0.44943000,0.44943000,0.44943000,0.44943000,0.00000000,1514443139999,0.00000000,0,0.00000000,0.00000000
1514443140000,0.44943000,0.44943000,0.44943000,0.44943000,0.00000000,1514443199999,0.00000000,0,0.00000000,0.00000000
1514443200000,0.44943000,0.44943000,0.44943000,0.44943000,0.00000000,1514443259999,0.00000000,0,0.00000000,0.00000000
1514443260000,0.44943000,0.44943000,0.44943000,0.44943000,0.00000000,1514443319999,0.00000000,0,0.00000000,0.00000000
1514443320000,0.44943000,0.44943000,0.44943000,0.44943000,0.00000000,1514443379999,0.00000000,0,0.00000000,0.00000000
1514443380000,0.45593000,0.45593000,0.45593000,0.45593000,18.04000000,1514443439999,8.22497720,3,14.38000000,6.55627340
1514443440000,0.48702000,0.48715000,0.48702000,0.48715000,49.00000000,1514443499999,23.86450000,3,49.00000000,23.86450000
1514443500000,0.48715000,0.48715000,0.48691000,0.48691000,31.66000000,1514443559999,15.41917060,3,18.66000000,9.08934060
1514443560000,0.48691000,0.48728000,0.48691000,0.48715000,337.39000000,1514443619999,164.34746850,10,267.42000000,130.27742300
1514443620000,0.48728000,0.48737000,0.48728000,0.48737000,14.38000000,1514443679999,7.00830830,5,14.38000000,7.00830830
1514443680000,0.48737000,0.48737000,0.48737000,0.48737000,0.00000000,1514443739999,0.00000000,0,0.00000000,0.00000000
1514443740000,0.48737000,0.48737000,0.48737000,0.48737000,16.88000000,1514443799999,8.22680560,1,16.88000000,8.22680560
1514443800000,0.48737000,0.48737000,0.48737000,0.48737000,75.08000000,1514443859999,36.59173960,8,18.90000000,9.21129300
1514443860000,0.50000000,0.50000000,0.50000000,0.50000000,36.00000000,1514443919999,18.00000000,4,36.00000000,18.00000000
1514443920000,0.50000000,0.50000000,0.50000000,0.50000000,187.46000000,1514443979999,93.73000000,2,187.46000000,93.73000000
1514443980000,0.50000000,0.50000000,0.50000000,0.50000000,0.00000000,1514444039999,0.00000000,0,0.00000000,0.00000000
1514444040000,0.50000000,0.50000000,0.50000000,0.50000000,0.00000000,1514444099999,0.00000000,0,0.00000000,0.00000000
1514444100000,0.50000000,0.50000000,0.49999000,0.50000000,22.63000000,1514444159999,11.31490000,6,16.64000000,8.31990000
1514444160000,0.49999000,0.49999000,0.49999000,0.49999000,20.08000000,1514444219999,10.03979920,2,20.08000000,10.03979920
1514444220000,0.49999000,0.49999000,0.49999000,0.49999000,0.00000000,1514444279999,0.00000000,0,0.00000000,0.00000000
1514444280000,0.49999000,0.49999000,0.49999000,0.49999000,0.00000000,1514444339999,0.00000000,0,0.00000000,0.00000000
1514444340000,0.49999000,0.50000000,0.48737000,0.50000000,11.09000000,1514444399999,5.49445000,4,10.99000000,5.44571300
1514444400000,0.50000000,0.50000000,0.50000000,0.50000000,0.00000000,1514444459999,0.00000000,0,0.00000000,0.00000000
1514444460000,0.50000000,0.50000000,0.50000000,0.50000000,15.95000000,1514444519999,7.97500000,3,15.95000000,7.97500000
1514444520000,0.50000000,0.50000000,0.50000000,0.50000000,29.97000000,1514444579999,14.98500000,4,2.33000000,1.16500000
1514444580000,0.50000000,0.50000000,0.50000000,0.50000000,4.34000000,1514444639999,2.17000000,1,4.34000000,2.17000000
1514444640000,0.50000000,0.50000000,0.50000000,0.50000000,0.00000000,1514444699999,0.00000000,0,0.00000000,0.00000000
1514444700000,0.50000000,0.50000000,0.50000000,0.50000000,0.00000000,1514444759999,0.00000000,0,0.00000000,0.00000000
1514444760000,0.50000000,0.50000000,0.50000000,0.50000000,0.00000000,1514444819999,0.00000000,0,0.00000000,0.00000000
1514444820000,0.50000000,0.50000000,0.50000000,0.50000000,14.99000000,1514444879999,7.49500000,2,14.99000000,7.49500000
1514444880000,0.50000000,0.50000000,0.50000000,0.50000000,10.00000000,1514444939999,5.00000000,2,10.00000000,5.00000000
1514444940000,0.50000000,0.50000000,0.50000000,0.50000000,0.00000000,1514444999999,0.00000000,0,0.00000000,0.00000000
1514445000000,0.50000000,0.50000000,0.50000000,0.50000000,0.00000000,1514445059999,0.00000000,0,0.00000000,0.00000000
1514445060000,0.50000000,0.50000000,0.50000000,0.50000000,0.76000000,1514445119999,0.38000000,1,0.76000000,0.38000000
1514445120000,0.50000000,0.50000000,0.50000000,0.50000000,0.00000000,1514445179999,0.00000000,0,0.00000000,0.00000000
1514445180000,0.50000000,0.50000000,0.50000000,0.50000000,0.00000000,1514445239999,0.00000000,0,0.00000000,0.00000000
1514445240000,0.50000000,0.50000000,0.50000000,0.50000000,0.00000000,1514445299999,0.00000000,0,0.00000000,0.00000000
1514445300000,0.50000000,0.50000000,0.50000000,0.50000000,0.00000000,1514445359999,0.00000000,0,0.00000000,0.00000000
1514445360000,0.50000000,0.50000000,0.50000000,0.50000000,0.00000000,1514445419999,0.00000000,0,0.00000000,0.00000000
1514445420000,0.50000000,0.50000000,0.50000000,0.50000000,0.00000000,1514445479999,0.00000000,0,0.00000000,0.00000000
1514445480000,0.50000000,0.50000000,0.50000000,0.50000000,0.00000000,1514445539999,0.00000000,0,0.00000000,0.00000000
1514445540000,0.50000000,0.50000000,0.50000000,0.50000000,0.00000000,1514445599999,0.00000000,0,0.00000000,0.00000000
1514445600000,0.50000000,0.50000000,0.50000000,0.50000000,0.00000000,1514445659999,0.00000000,0,0.00000000,0.00000000
1514445660000,0.50000000,0.50541000,0.50000000,0.50541000,75.00000000,1514445719999,37.77444930,2,75.00000000,37.77444930
1514445720000,0.50541000,0.50541000,0.50541000,0.50541000,0.00000000,1514445779999,0.00000000,0,0.00000000,0.00000000
1514445780000,0.46919000,0.50410000,0.46520000,0.46520000,32.81000000,1514445839999,15.67323100,25,15.00000000,7.36767000
1514445840000,0.46527000,0.48527000,0.46527000,0.48527000,18.23000000,1514445899999,8.60613220,3,0.00000000,0.00000000
1514445900000,0.46529000,0.50409000,0.46529000,0.50407000,16.79000000,1514445959999,8.15324370,5,7.73000000,3.87777630
1514445960000,0.50407000,0.50407000,0.50407000,0.50407000,0.00000000,1514446019999,0.00000000,0,0.00000000,0.00000000
1514446020000,0.50407000,0.50407000,0.50407000,0.50407000,0.00000000,1514446079999,0.00000000,0,0.00000000,0.00000000
1514446080000,0.50407000,0.50407000,0.50407000,0.50407000,0.00000000,1514446139999,0.00000000,0,0.00000000,0.00000000
1514446140000,0.50407000,0.50407000,0.50407000,0.50407000,0.00000000,1514446199999,0.00000000,0,0.00000000,0.00000000
1514446200000,0.50407000,0.50407000,0.50407000,0.50407000,0.00000000,1514446259999,0.00000000,0,0.00000000,0.00000000
1514446260000,0.50407000,0.50407000,0.50407000,0.50407000,0.00000000,1514446319999,0.00000000,0,0.00000000,0.00000000
1514446320000,0.50407000,0.50407000,0.50407000,0.50407000,0.00000000,1514446379999,0.00000000,0,0.00000000,0.00000000
1514446380000,0.50407000,0.50407000,0.50407000,0.50407000,0.00000000,1514446439999,0.00000000,0,0.00000000,0.00000000
1514446440000,0.50407000,0.50407000,0.50407000,0.50407000,0.00000000,1514446499999,0.00000000,0,0.00000000,0.00000000
1514446500000,0.50407000,0.50407000,0.50407000,0.50407000,0.00000000,1514446559999,0.00000000,0,0.00000000,0.00000000
1514446560000,0.50407000,0.50407000,0.50407000,0.50407000,0.00000000,1514446619999,0.00000000,0,0.00000000,0.00000000
1514446620000,0.50407000,0.50407000,0.50407000,0.50407000,0.00000000,1514446679999,0.00000000,0,0.00000000,0.00000000
1514446680000,0.49996000,0.49996000,0.49996000,0.49996000,7.93000000,1514446739999,3.96468280,1,7.93000000,3.96468280
1514446740000,0.49996000,0.49996000,0.49996000,0.49996000,0.00000000,1514446799999,0.00000000,0,0.00000000,0.00000000
1514446800000,0.46543000,0.46543000,0.46543000,0.46543000,28.91000000,1514446859999,13.45558130,1,0.00000000,0.00000000
1514446860000,0.46543000,0.46543000,0.46543000,0.46543000,0.00000000,1514446919999,0.00000000,0,0.00000000,0.00000000
1514446920000,0.46543000,0.46543000,0.46543000,0.46543000,0.00000000,1514446979999,0.00000000,0,0.00000000,0.00000000
1514446980000,0.46547000,0.46547000,0.46547000,0.46547000,281.51000000,1514447039999,131.03445970,2,0.00000000,0.00000000
1514447040000,0.46548000,0.46548000,0.46547000,0.46547000,100.00000000,1514447099999,46.54799420,2,0.00000000,0.00000000
1514447100000,0.46547000,0.46547000,0.46547000,0.46547000,0.00000000,1514447159999,0.00000000,0,0.00000000,0.00000000
1514447160000,0.46547000,0.46547000,0.46547000,0.46547000,133.00000000,1514447219999,61.90751000,2,0.00000000,0.00000000
1514447220000,0.46547000,0.46547000,0.46547000,0.46547000,0.00000000,1514447279999,0.00000000,0,0.00000000,0.00000000
1514447280000,0.46547000,0.46547000,0.46547000,0.46547000,0.00000000,1514447339999,0.00000000,0,0.00000000,0.00000000
1514447340000,0.46547000,0.46547000,0.46547000,0.46547000,0.00000000,1514447399999,0.00000000,0,0.00000000,0.00000000
1514447400000,0.46547000,0.46547000,0.46547000,0.46547000,0.00000000,1514447459999,0.00000000,0,0.00000000,0.00000000
1514447460000,0.46547000,0.46547000,0.46547000,0.46547000,0.00000000,1514447519999,0.00000000,0,0.00000000,0.00000000
1514447520000,0.46547000,0.46547000,0.46547000,0.46547000,0.00000000,1514447579999,0.00000000,0,0.00000000,0.00000000
1514447580000,0.46547000,0.46547000,0.46547000,0.46547000,300.00000000,1514447639999,139.64100000,5,0.00000000,0.00000000
1514447640000,0.46547000,0.46547000,0.46547000,0.46547000,0.00000000,1514447699999,0.00000000,0,0.00000000,0.00000000
1514447700000,0.46550000,0.46550000,0.46550000,0.46550000,102.58000000,1514447759999,47.75099000,6,0.00000000,0.00000000
1514447760000,0.46550000,0.46560000,0.46550000,0.46560000,91.00000000,1514447819999,42.36730000,2,0.00000000,0.00000000
1514447820000,0.46560000,0.46560000,0.46560000,0.46560000,0.00000000,1514447879999,0.00000000,0,0.00000000,0.00000000
1514447880000,0.46560000,0.46560000,0.46560000,0.46560000,0.00000000,1514447939999,0.00000000,0,0.00000000,0.00000000
1514447940000,0.46560000,0.46580000,0.46560000,0.46560000,27.82000000,1514447999999,12.95535000,15,0.00000000,0.00000000
1514448000000,0.46560000,0.46560000,0.46550000,0.46560000,31.18000000,1514448059999,14.51730400,8,7.48000000,3.48268800
1514448060000,0.46560000,0.46560000,0.46560000,0.46560000,45.75000000,1514448119999,21.30120000,9,4.04000000,1.88102400
1514448120000,0.49096000,0.49096000,0.47576000,0.47576000,347.14000000,1514448179999,165.91681640,7,72.08000000,35.05278080
1514448180000,0.47578000,0.49091000,0.47578000,0.49091000,498.91000000,1514448239999,238.13154380,22,125.20000000,59.56797140
1514448240000,0.49083000,0.49086000,0.49083000,0.49086000,742.96000000,1514448299999,364.68883460,4,25.70000000,12.61459100
1514448300000,0.49086000,0.49086000,0.49086000,0.49086000,0.00000000,1514448359999,0.00000000,0,0.00000000,0.00000000
1514448360000,0.49086000,0.49086000,0.49086000,0.49086000,0.00000000,1514448419999,0.00000000,0,0.00000000,0.00000000
1514448420000,0.49082000,0.49082000,0.49082000,0.49082000,94.27000000,1514448479999,46.26960140,1,94.27000000,46.26960140
1514448480000,0.49082000,0.49082000,0.49082000,0.49082000,0.00000000,1514448539999,0.00000000,0,0.00000000,0.00000000
1514448540000,0.49082000,0.49082000,0.49082000,0.49082000,0.00000000,1514448599999,0.00000000,0,0.00000000,0.00000000
1514448600000,0.49082000,0.49082000,0.49082000,0.49082000,0.00000000,1514448659999,0.00000000,0,0.00000000,0.00000000
1514448660000,0.49082000,0.49082000,0.49082000,0.49082000,0.00000000,1514448719999,0.00000000,0,0.00000000,0.00000000
1514448720000,0.49082000,0.49082000,0.49082000,0.49082000,0.00000000,1514448779999,0.00000000,0,0.00000000,0.00000000
1514448780000,0.49082000,0.49082000,0.49082000,0.49082000,0.00000000,1514448839999,0.00000000,0,0.00000000,0.00000000
1514448840000,0.49082000,0.49082000,0.49082000,0.49082000,0.00000000,1514448899999,0.00000000,0,0.00000000,0.00000000
1514448900000,0.49082000,0.49082000,0.49082000,0.49082000,0.00000000,1514448959999,0.00000000,0,0.00000000,0.00000000
1514448960000,0.49082000,0.49082000,0.49082000,0.49082000,0.00000000,1514449019999,0.00000000,0,0.00000000,0.00000000
1514449020000,0.49082000,0.49082000,0.49082000,0.49082000,0.00000000,1514449079999,0.00000000,0,0.00000000,0.00000000
1514449080000,0.49082000,0.49082000,0.49082000,0.49082000,0.00000000,1514449139999,0.00000000,0,0.00000000,0.00000000
1514449140000,0.49082000,0.49082000,0.49082000,0.49082000,0.00000000,1514449199999,0.00000000,0,0.00000000,0.00000000
1514449200000,0.49082000,0.49082000,0.49082000,0.49082000,0.00000000,1514449259999,0.00000000,0,0.00000000,0.00000000
1514449260000,0.49082000,0.49082000,0.49082000,0.49082000,0.00000000,1514449319999,0.00000000,0,0.00000000,0.00000000
1514449320000,0.49082000,0.49082000,0.49082000,0.49082000,0.00000000,1514449379999,0.00000000,0,0.00000000,0.00000000
1514449380000,0.49082000,0.49082000,0.49082000,0.49082000,0.00000000,1514449439999,0.00000000,0,0.00000000,0.00000000
1514449440000,0.48998000,0.48998000,0.48998000,0.48998000,24.01000000,1514449499999,11.76441980,2,24.01000000,11.76441980
1514449500000,0.48998000,0.48998000,0.48998000,0.48998000,0.00000000,1514449559999,0.00000000,0,0.00000000,0.00000000
1514449560000,0.48998000,0.48998000,0.48998000,0.48998000,0.00000000,1514449619999,0.00000000,0,0.00000000,0.00000000
1514449620000,0.48998000,0.48998000,0.48998000,0.48998000,0.00000000,1514449679999,0.00000000,0,0.00000000,0.00000000
1514449680000,0.48998000,0.48998000,0.48998000,0.48998000,0.00000000,1514449739999,0.00000000,0,0.00000000,0.00000000
1514449740000,0.48998000,0.48998000,0.48998000,0.48998000,0.00000000,1514449799999,0.00000000,0,0.00000000,0.00000000
1514449800000,0.48998000,0.48998000,0.48998000,0.48998000,0.00000000,1514449859999,0.00000000,0,0.00000000,0.00000000
1514449860000,0.48998000,0.48998000,0.48998000,0.48998000,0.00000000,1514449919999,0.00000000,0,0.00000000,0.00000000
1514449920000,0.48996000,0.48996000,0.48996000,0.48996000,11.39000000,1514449979999,5.58064440,2,11.39000000,5.58064440
1514449980000,0.48799000,0.48799000,0.48799000,0.48799000,17.30000000,1514450039999,8.44222700,1,17.30000000,8.44222700
1514450040000,0.48799000,0.48799000,0.48799000,0.48799000,0.00000000,1514450099999,0.00000000,0,0.00000000,0.00000000
1514450100000,0.48799000,0.48799000,0.48799000,0.48799000,0.00000000,1514450159999,0.00000000,0,0.00000000,0.00000000
1514450160000,0.48499000,0.48499000,0.48499000,0.48499000,30.00000000,1514450219999,14.54970000,1,30.00000000,14.54970000
1514450220000,0.48499000,0.48499000,0.48499000,0.48499000,0.00000000,1514450279999,0.00000000,0,0.00000000,0.00000000
1514450280000,0.48499000,0.48499000,0.48499000,0.48499000,0.00000000,1514450339999,0.00000000,0,0.00000000,0.00000000
1514450340000,0.48499000,0.48499000,0.48499000,0.48499000,0.00000000,1514450399999,0.00000000,0,0.00000000,0.00000000
1514450400000,0.48499000,0.48499000,0.48499000,0.48499000,200.00000000,1514450459999,96.99800000,1,200.00000000,96.99800000
1514450460000,0.48499000,0.48499000,0.48499000,0.48499000,0.00000000,1514450519999,0.00000000,0,0.00000000,0.00000000
1514450520000,0.48499000,0.48499000,0.48499000,0.48499000,1.54000000,1514450579999,0.74688460,1,1.54000000,0.74688460
1514450580000,0.48499000,0.48499000,0.48499000,0.48499000,0.00000000,1514450639999,0.00000000,0,0.00000000,0.00000000
1514450640000,0.48499000,0.48499000,0.48499000,0.48499000,0.00000000,1514450699999,0.00000000,0,0.00000000,0.00000000
1514450700000,0.48499000,0.48499000,0.48499000,0.48499000,0.00000000,1514450759999,0.00000000,0,0.00000000,0.00000000
1514450760000,0.48499000,0.48499000,0.48499000,0.48499000,0.00000000,1514450819999,0.00000000,0,0.00000000,0.00000000
1514450820000,0.48499000,0.48499000,0.48499000,0.48499000,0.00000000,1514450879999,0.00000000,0,0.00000000,0.00000000
1514450880000,0.48499000,0.48499000,0.48499000,0.48499000,0.00000000,1514450939999,0.00000000,0,0.00000000,0.00000000
1514450940000,0.48498000,0.48498000,0.48498000,0.48498000,1.00000000,1514450999999,0.48498000,1,1.00000000,0.48498000
1514451000000,0.48498000,0.48498000,0.48498000,0.48498000,0.00000000,1514451059999,0.00000000,0,0.00000000,0.00000000
1514451060000,0.48496000,0.48496000,0.48496000,0.48496000,20.00000000,1514451119999,9.69920000,1,20.00000000,9.69920000
1514451120000,0.46551000,0.48496000,0.46551000,0.46553000,114.84000000,1514451179999,54.03987640,3,29.84000000,14.47120640
1514451180000,0.46551000,0.48496000,0.46547000,0.46547000,189.03000000,1514451239999,89.93814680,9,81.82000000,39.67930720
1514451240000,0.46547000,0.46547000,0.46547000,0.46547000,0.00000000,1514451299999,0.00000000,0,0.00000000,0.00000000
1514451300000,0.46547000,0.46547000,0.46547000,0.46547000,0.00000000,1514451359999,0.00000000,0,0.00000000,0.00000000
1514451360000,0.46547000,0.46547000,0.46547000,0.46547000,0.00000000,1514451419999,0.00000000,0,0.00000000,0.00000000
1514451420000,0.46547000,0.46547000,0.46547000,0.46547000,0.00000000,1514451479999,0.00000000,0,0.00000000,0.00000000
1514451480000,0.46547000,0.46547000,0.46547000,0.46547000,0.00000000,1514451539999,0.00000000,0,0.00000000,0.00000000
1514451540000,0.46547000,0.46547000,0.46547000,0.46547000,0.00000000,1514451599999,0.00000000,0,0.00000000,0.00000000
1514451600000,0.46547000,0.46547000,0.46547000,0.46547000,0.00000000,1514451659999,0.00000000,0,0.00000000,0.00000000
1514451660000,0.46547000,0.46547000,0.46547000,0.46547000,0.00000000,1514451719999,0.00000000,0,0.00000000,0.00000000
1514451720000,0.46547000,0.46547000,0.46547000,0.46547000,0.00000000,1514451779999,0.00000000,0,0.00000000,0.00000000
1514451780000,0.48484000,0.48484000,0.48484000,0.48484000,1.00000000,1514451839999,0.48484000,1,1.00000000,0.48484000
1514451840000,0.48476000,0.48476000,0.48476000,0.48476000,1.04000000,1514451899999,0.50415040,1,1.04000000,0.50415040
1514451900000,0.48476000,0.48476000,0.48476000,0.48476000,0.00000000,1514451959999,0.00000000,0,0.00000000,0.00000000
1514451960000,0.48474000,0.48475000,0.48474000,0.48475000,31.53000000,1514452019999,15.28410910,2,31.53000000,15.28410910
1514452020000,0.48496000,0.48496000,0.48496000,0.48496000,24.00000000,1514452079999,11.63904000,2,24.00000000,11.63904000
1514452080000,0.48496000,0.48496000,0.48496000,0.48496000,0.00000000,1514452139999,0.00000000,0,0.00000000,0.00000000
1514452140000,0.48496000,0.48496000,0.48496000,0.48496000,0.00000000,1514452199999,0.00000000,0,0.00000000,0.00000000
1514452200000,0.48496000,0.48496000,0.48496000,0.48496000,0.00000000,1514452259999,0.00000000,0,0.00000000,0.00000000
1514452260000,0.48496000,0.48496000,0.48496000,0.48496000,0.00000000,1514452319999,0.00000000,0,0.00000000,0.00000000
1514452320000,0.48496000,0.48496000,0.48496000,0.48496000,0.00000000,1514452379999,0.00000000,0,0.00000000,0.00000000
1514452380000,0.48496000,0.48496000,0.48496000,0.48496000,0.00000000,1514452439999,0.00000000,0,0.00000000,0.00000000
1514452440000,0.46773000,0.46773000,0.46557000,0.46557000,31.49000000,1514452499999,14.70206650,3,0.00000000,0.00000000
1514452500000,0.46564000,0.46564000,0.46564000,0.46564000,12.88000000,1514452559999,5.99744320,1,0.00000000,0.00000000
1514452560000,0.46566000,0.46566000,0.46564000,0.46564000,7.01000000,1514452619999,3.26421760,3,0.00000000,0.00000000
1514452620000,0.46564000,0.46564000,0.46564000,0.46564000,0.00000000,1514452679999,0.00000000,0,0.00000000,0.00000000
1514452680000,0.46564000,0.46564000,0.46564000,0.46564000,0.00000000,1514452739999,0.00000000,0,0.00000000,0.00000000
1514452740000,0.46564000,0.46564000,0.46564000,0.46564000,0.00000000,1514452799999,0.00000000,0,0.00000000,0.00000000
1514452800000,0.46564000,0.46564000,0.46564000,0.46564000,0.00000000,1514452859999,0.00000000,0,0.00000000,0.00000000
1514452860000,0.48380000,0.48380000,0.48380000,0.48380000,1.00000000,1514452919999,0.48380000,1,1.00000000,0.48380000
1514452920000,0.46593000,0.46593000,0.46593000,0.46593000,659.89000000,1514452979999,307.46254770,4,0.00000000,0.00000000
1514452980000,0.46593000,0.46593000,0.46593000,0.46593000,0.00000000,1514453039999,0.00000000,0,0.00000000,0.00000000
1514453040000,0.46547000,0.46547000,0.46547000,0.46547000,15.58000000,1514453099999,7.25202260,2,0.00000000,0.00000000
1514453100000,0.46547000,0.46547000,0.46547000,0.46547000,0.00000000,1514453159999,0.00000000,0,0.00000000,0.00000000
1514453160000,0.46547000,0.46547000,0.46547000,0.46547000,11.98000000,1514453219999,5.57633060,2,11.98000000,5.57633060
1514453220000,0.46547000,0.46547000,0.46547000,0.46547000,0.00000000,1514453279999,0.00000000,0,0.00000000,0.00000000
1514453280000,0.46547000,0.46547000,0.46547000,0.46547000,0.00000000,1514453339999,0.00000000,0,0.00000000,0.00000000
1514453340000,0.46547000,0.46547000,0.46547000,0.46547000,0.00000000,1514453399999,0.00000000,0,0.00000000,0.00000000
1514453400000,0.46547000,0.46547000,0.46547000,0.46547000,0.00000000,1514453459999,0.00000000,0,0.00000000,0.00000000
1514453460000,0.46546000,0.46546000,0.46546000,0.46546000,17.00000000,1514453519999,7.91282000,1,17.00000000,7.91282000
1514453520000,0.46546000,0.46546000,0.46546000,0.46546000,0.00000000,1514453579999,0.00000000,0,0.00000000,0.00000000
1514453580000,0.46546000,0.46546000,0.46546000,0.46546000,0.00000000,1514453639999,0.00000000,0,0.00000000,0.00000000
1514453640000,0.46546000,0.46546000,0.46546000,0.46546000,0.00000000,1514453699999,0.00000000,0,0.00000000,0.00000000
1514453700000,0.46546000,0.46546000,0.46546000,0.46546000,0.00000000,1514453759999,0.00000000,0,0.00000000,0.00000000
1514453760000,0.46546000,0.46546000,0.46546000,0.46546000,0.00000000,1514453819999,0.00000000,0,0.00000000,0.00000000
1514453820000,0.46546000,0.46546000,0.46546000,0.46546000,0.00000000,1514453879999,0.00000000,0,0.00000000,0.00000000
1514453880000,0.46546000,0.46546000,0.46546000,0.46546000,0.00000000,1514453939999,0.00000000,0,0.00000000,0.00000000
1514453940000,0.46546000,0.46546000,0.46546000,0.46546000,0.00000000,1514453999999,0.00000000,0,0.00000000,0.00000000
1514454000000,0.46546000,0.46546000,0.46546000,0.46546000,0.00000000,1514454059999,0.00000000,0,0.00000000,0.00000000
1514454060000,0.45456000,0.45456000,0.45450000,0.45450000,29.09000000,1514454119999,13.22258930,5,7.00000000,3.18150000
1514454120000,0.45450000,0.45450000,0.45450000,0.45450000,0.04000000,1514454179999,0.01818000,1,0.04000000,0.01818000
1514454180000,0.45450000,0.45450000,0.45450000,0.45450000,0.00000000,1514454239999,0.00000000,0,0.00000000,0.00000000
1514454240000,0.45450000,0.45450000,0.45450000,0.45450000,0.00000000,1514454299999,0.00000000,0,0.00000000,0.00000000
1514454300000,0.44991000,0.44991000,0.44990000,0.44990000,17.98000000,1514454359999,8.08924100,2,0.00000000,0.00000000
1514454360000,0.44990000,0.44990000,0.44990000,0.44990000,0.00000000,1514454419999,0.00000000,0,0.00000000,0.00000000
1514454420000,0.44990000,0.44990000,0.44990000,0.44990000,0.00000000,1514454479999,0.00000000,0,0.00000000,0.00000000
1514454480000,0.44990000,0.44990000,0.44990000,0.44990000,0.00000000,1514454539999,0.00000000,0,0.00000000,0.00000000
1514454540000,0.44990000,0.44990000,0.44990000,0.44990000,0.00000000,1514454599999,0.00000000,0,0.00000000,0.00000000
1514454600000,0.44990000,0.44990000,0.44990000,0.44990000,0.00000000,1514454659999,0.00000000,0,0.00000000,0.00000000
1514454660000,0.44990000,0.44990000,0.44990000,0.44990000,0.00000000,1514454719999,0.00000000,0,0.00000000,0.00000000
1514454720000,0.44990000,0.44990000,0.44990000,0.44990000,0.00000000,1514454779999,0.00000000,0,0.00000000,0.00000000
1514454780000,0.44990000,0.44990000,0.44990000,0.44990000,0.00000000,1514454839999,0.00000000,0,0.00000000,0.00000000
1514454840000,0.44990000,0.44990000,0.44990000,0.44990000,0.00000000,1514454899999,0.00000000,0,0.00000000,0.00000000
1514454900000,0.44990000,0.44990000,0.44990000,0.44990000,0.00000000,1514454959999,0.00000000,0,0.00000000,0.00000000
1514454960000,0.44990000,0.44990000,0.44990000,0.44990000,0.00000000,1514455019999,0.00000000,0,0.00000000,0.00000000
1514455020000,0.44990000,0.44990000,0.44990000,0.44990000,0.00000000,1514455079999,0.00000000,0,0.00000000,0.00000000
1514455080000,0.44990000,0.44990000,0.44990000,0.44990000,0.00000000,1514455139999,0.00000000,0,0.00000000,0.00000000
1514455140000,0.44990000,0.44990000,0.44990000,0.44990000,0.00000000,1514455199999,0.00000000,0,0.00000000,0.00000000
1514455200000,0.44990000,0.44990000,0.44990000,0.44990000,0.00000000,1514455259999,0.00000000,0,0.00000000,0.00000000
1514455260000,0.44990000,0.44990000,0.44990000,0.44990000,0.00000000,1514455319999,0.00000000,0,0.00000000,0.00000000
1514455320000,0.44990000,0.44990000,0.44990000,0.44990000,0.00000000,1514455379999,0.00000000,0,0.00000000,0.00000000
1514455380000,0.44990000,0.44990000,0.44990000,0.44990000,0.00000000,1514455439999,0.00000000,0,0.00000000,0.00000000
1514455440000,0.44990000,0.44990000,0.44990000,0.44990000,0.00000000,1514455499999,0.00000000,0,0.00000000,0.00000000
1514455500000,0.44990000,0.44990000,0.44990000,0.44990000,0.00000000,1514455559999,0.00000000,0,0.00000000,0.00000000
1514455560000,0.44990000,0.44990000,0.44990000,0.44990000,0.00000000,1514455619999,0.00000000,0,0.00000000,0.00000000
1514455620000,0.44990000,0.44990000,0.44990000,0.44990000,0.00000000,1514455679999,0.00000000,0,0.00000000,0.00000000
1514455680000,0.44990000,0.44990000,0.44990000,0.44990000,0.00000000,1514455739999,0.00000000,0,0.00000000,0.00000000
1514455740000,0.44990000,0.44990000,0.44990000,0.44990000,0.00000000,1514455799999,0.00000000,0,0.00000000,0.00000000
1514455800000,0.44990000,0.44990000,0.44990000,0.44990000,0.00000000,1514455859999,0.00000000,0,0.00000000,0.00000000
1514455860000,0.44990000,0.44990000,0.44990000,0.44990000,0.00000000,1514455919999,0.00000000,0,0.00000000,0.00000000
1514455920000,0.44990000,0.44990000,0.44990000,0.44990000,0.00000000,1514455979999,0.00000000,0,0.00000000,0.00000000
1514455980000,0.44990000,0.44990000,0.44990000,0.44990000,0.00000000,1514456039999,0.00000000,0,0.00000000,0.00000000
1514456040000,0.44990000,0.44990000,0.44990000,0.44990000,0.00000000,1514456099999,0.00000000,0,0.00000000,0.00000000
1514456100000,0.44990000,0.44990000,0.44990000,0.44990000,0.00000000,1514456159999,0.00000000,0,0.00000000,0.00000000
1514456160000,0.44990000,0.44990000,0.44990000,0.44990000,0.00000000,1514456219999,0.00000000,0,0.00000000,0.00000000
1514456220000,0.44990000,0.44990000,0.44990000,0.44990000,0.00000000,1514456279999,0.00000000,0,0.00000000,0.00000000
1514456280000,0.43834000,0.43834000,0.43834000,0.43834000,1.04000000,1514456339999,0.45587360,1,0.00000000,0.00000000
1514456340000,0.43834000,0.43834000,0.43834000,0.43834000,0.00000000,1514456399999,0.00000000,0,0.00000000,0.00000000
1514456400000,0.43834000,0.43834000,0.43834000,0.43834000,0.00000000,1514456459999,0.00000000,0,0.00000000,0.00000000
1514456460000,0.43834000,0.43834000,0.43834000,0.43834000,0.00000000,1514456519999,0.00000000,0,0.00000000,0.00000000
1514456520000,0.43917000,0.43917000,0.43917000,0.43917000,40.62000000,1514456579999,17.83908540,1,0.00000000,0.00000000
1514456580000,0.43917000,0.43917000,0.43917000,0.43917000,0.00000000,1514456639999,0.00000000,0,0.00000000,0.00000000
1514456640000,0.43917000,0.43917000,0.43917000,0.43917000,0.00000000,1514456699999,0.00000000,0,0.00000000,0.00000000
1514456700000,0.43917000,0.43917000,0.43917000,0.43917000,0.00000000,1514456759999,0.00000000,0,0.00000000,0.00000000
1514456760000,0.43917000,0.43917000,0.43917000,0.43917000,0.00000000,1514456819999,0.00000000,0,0.00000000,0.00000000
1514456820000,0.43917000,0.43917000,0.43917000,0.43917000,0.00000000,1514456879999,0.00000000,0,0.00000000,0.00000000
1514456880000,0.43917000,0.43917000,0.43917000,0.43917000,0.00000000,1514456939999,0.00000000,0,0.00000000,0.00000000
1514456940000,0.43917000,0.43917000,0.43917000,0.43917000,0.00000000,1514456999999,0.00000000,0,0.00000000,0.00000000
1514457000000,0.43917000,0.43917000,0.43917000,0.43917000,0.00000000,1514457059999,0.00000000,0,0.00000000,0.00000000
1514457060000,0.43917000,0.43917000,0.43917000,0.43917000,0.00000000,1514457119999,0.00000000,0,0.00000000,0.00000000
1514457120000,0.46514000,0.46514000,0.46514000,0.46514000,2.31000000,1514457179999,1.07447340,1,2.31000000,1.07447340
1514457180000,0.46514000,0.46514000,0.46514000,0.46514000,0.00000000,1514457239999,0.00000000,0,0.00000000,0.00000000
1514457240000,0.46514000,0.46514000,0.46514000,0.46514000,0.00000000,1514457299999,0.00000000,0,0.00000000,0.00000000
1514457300000,0.46514000,0.46514000,0.46514000,0.46514000,0.00000000,1514457359999,0.00000000,0,0.00000000,0.00000000
1514457360000,0.46514000,0.46514000,0.46514000,0.46514000,0.00000000,1514457419999,0.00000000,0,0.00000000,0.00000000
1514457420000,0.46514000,0.46514000,0.46514000,0.46514000,0.00000000,1514457479999,0.00000000,0,0.00000000,0.00000000
1514457480000,0.46514000,0.46514000,0.46514000,0.46514000,0.00000000,1514457539999,0.00000000,0,0.00000000,0.00000000
1514457540000,0.46514000,0.46514000,0.46514000,0.46514000,0.00000000,1514457599999,0.00000000,0,0.00000000,0.00000000
1514457600000,0.46514000,0.46514000,0.46514000,0.46514000,0.00000000,1514457659999,0.00000000,0,0.00000000,0.00000000
1514457660000,0.46514000,0.46514000,0.46514000,0.46514000,0.00000000,1514457719999,0.00000000,0,0.00000000,0.00000000
1514457720000,0.46514000,0.46514000,0.46514000,0.46514000,0.00000000,1514457779999,0.00000000,0,0.00000000,0.00000000
1514457780000,0.46514000,0.46514000,0.46514000,0.46514000,0.00000000,1514457839999,0.00000000,0,0.00000000,0.00000000
1514457840000,0.46514000,0.46514000,0.46514000,0.46514000,0.00000000,1514457899999,0.00000000,0,0.00000000,0.00000000
1514457900000,0.46514000,0.46514000,0.46514000,0.46514000,0.00000000,1514457959999,0.00000000,0,0.00000000,0.00000000
1514457960000,0.46514000,0.46514000,0.46514000,0.46514000,0.00000000,1514458019999,0.00000000,0,0.00000000,0.00000000
1514458020000,0.46514000,0.46514000,0.46514000,0.46514000,0.00000000,1514458079999,0.00000000,0,0.00000000,0.00000000
1514458080000,0.46442000,0.46443000,0.46442000,0.46443000,30.00000000,1514458139999,13.93274550,2,30.00000000,13.93274550
1514458140000,0.46443000,0.46443000,0.46443000,0.46443000,0.00000000,1514458199999,0.00000000,0,0.00000000,0.00000000
1514458200000,0.46435000,0.46441000,0.46435000,0.46441000,100.00000000,1514458259999,46.43781780,3,100.00000000,46.43781780
1514458260000,0.46441000,0.46441000,0.46441000,0.46441000,0.00000000,1514458319999,0.00000000,0,0.00000000,0.00000000
1514458320000,0.46441000,0.46441000,0.46441000,0.46441000,0.00000000,1514458379999,0.00000000,0,0.00000000,0.00000000
1514458380000,0.46441000,0.46441000,0.46441000,0.46441000,0.00000000,1514458439999,0.00000000,0,0.00000000,0.00000000
1514458440000,0.46441000,0.46441000,0.46441000,0.46441000,0.00000000,1514458499999,0.00000000,0,0.00000000,0.00000000
1514458500000,0.46441000,0.46441000,0.46441000,0.46441000,0.00000000,1514458559999,0.00000000,0,0.00000000,0.00000000
1514458560000,0.46441000,0.46441000,0.46441000,0.46441000,0.00000000,1514458619999,0.00000000,0,0.00000000,0.00000000
1514458620000,0.46441000,0.46441000,0.46441000,0.46441000,0.00000000,1514458679999,0.00000000,0,0.00000000,0.00000000
1514458680000,0.46441000,0.46441000,0.46441000,0.46441000,0.00000000,1514458739999,0.00000000,0,0.00000000,0.00000000
1514458740000,0.46441000,0.46441000,0.46441000,0.46441000,0.00000000,1514458799999,0.00000000,0,0.00000000,0.00000000
1514458800000,0.46441000,0.46441000,0.46441000,0.46441000,0.00000000,1514458859999,0.00000000,0,0.00000000,0.00000000
1514458860000,0.46441000,0.46441000,0.46441000,0.46441000,0.00000000,1514458919999,0.00000000,0,0.00000000,0.00000000
1514458920000,0.46441000,0.46441000,0.46441000,0.46441000,0.00000000,1514458979999,0.00000000,0,0.00000000,0.00000000
1514458980000,0.46441000,0.46441000,0.46441000,0.46441000,0.00000000,1514459039999,0.00000000,0,0.00000000,0.00000000
1514459040000,0.46441000,0.46441000,0.46441000,0.46441000,0.00000000,1514459099999,0.00000000,0,0.00000000,0.00000000
1514459100000,0.46441000,0.46441000,0.46441000,0.46441000,0.00000000,1514459159999,0.00000000,0,0.00000000,0.00000000
1514459160000,0.46441000,0.46441000,0.46441000,0.46441000,0.00000000,1514459219999,0.00000000,0,0.00000000,0.00000000
1514459220000,0.46400000,0.46400000,0.46400000,0.46400000,10.00000000,1514459279999,4.64000000,1,0.00000000,0.00000000
1514459280000,0.46400000,0.46400000,0.46400000,0.46400000,0.00000000,1514459339999,0.00000000,0,0.00000000,0.00000000
1514459340000,0.43916000,0.43916000,0.43915000,0.43915000,36.41000000,1514459399999,15.98968560,6,9.50000000,4.17192500
1514459400000,0.43915000,0.43915000,0.43915000,0.43915000,0.00000000,1514459459999,0.00000000,0,0.00000000,0.00000000
1514459460000,0.43916000,0.43916000,0.43916000,0.43916000,0.23000000,1514459519999,0.10100680,1,0.23000000,0.10100680
1514459520000,0.43916000,0.43916000,0.43916000,0.43916000,0.00000000,1514459579999,0.00000000,0,0.00000000,0.00000000
1514459580000,0.43916000,0.43916000,0.43916000,0.43916000,0.00000000,1514459639999,0.00000000,0,0.00000000,0.00000000
1514459640000,0.43916000,0.43916000,0.43916000,0.43916000,0.00000000,1514459699999,0.00000000,0,0.00000000,0.00000000
1514459700000,0.43916000,0.43916000,0.43916000,0.43916000,0.00000000,1514459759999,0.00000000,0,0.00000000,0.00000000
1514459760000,0.43916000,0.43916000,0.43916000,0.43916000,0.00000000,1514459819999,0.00000000,0,0.00000000,0.00000000
1514459820000,0.43916000,0.43916000,0.43916000,0.43916000,0.00000000,1514459879999,0.00000000,0,0.00000000,0.00000000
1514459880000,0.43916000,0.43916000,0.43916000,0.43916000,0.00000000,1514459939999,0.00000000,0,0.00000000,0.00000000
1514459940000,0.43916000,0.43916000,0.43916000,0.43916000,0.00000000,1514459999999,0.00000000,0,0.00000000,0.00000000
1514460000000,0.43916000,0.43916000,0.43916000,0.43916000,0.00000000,1514460059999,0.00000000,0,0.00000000,0.00000000
1514460060000,0.43916000,0.43916000,0.43916000,0.43916000,0.00000000,1514460119999,0.00000000,0,0.00000000,0.00000000
1514460120000,0.43916000,0.43916000,0.43916000,0.43916000,0.00000000,1514460179999,0.00000000,0,0.00000000,0.00000000
1514460180000,0.43916000,0.43916000,0.43916000,0.43916000,0.00000000,1514460239999,0.00000000,0,0.00000000,0.00000000
1514460240000,0.43916000,0.43916000,0.43916000,0.43916000,0.00000000,1514460299999,0.00000000,0,0.00000000,0.00000000
1514460300000,0.43916000,0.43916000,0.43916000,0.43916000,0.00000000,1514460359999,0.00000000,0,0.00000000,0.00000000
1514460360000,0.43916000,0.43916000,0.43916000,0.43916000,0.00000000,1514460419999,0.00000000,0,0.00000000,0.00000000
1514460420000,0.43916000,0.43916000,0.43916000,0.43916000,0.00000000,1514460479999,0.00000000,0,0.00000000,0.00000000
1514460480000,0.43916000,0.43916000,0.43916000,0.43916000,0.00000000,1514460539999,0.00000000,0,0.00000000,0.00000000
1514460540000,0.43916000,0.43916000,0.43916000,0.43916000,0.00000000,1514460599999,0.00000000,0,0.00000000,0.00000000
1514460600000,0.43916000,0.43916000,0.43916000,0.43916000,0.00000000,1514460659999,0.00000000,0,0.00000000,0.00000000
1514460660000,0.43916000,0.43916000,0.43916000,0.43916000,0.00000000,1514460719999,0.00000000,0,0.00000000,0.00000000
1514460720000,0.43916000,0.43916000,0.43916000,0.43916000,0.00000000,1514460779999,0.00000000,0,0.00000000,0.00000000
1514460780000,0.43916000,0.43916000,0.43916000,0.43916000,0.00000000,1514460839999,0.00000000,0,0.00000000,0.00000000
1514460840000,0.43915000,0.43915000,0.43915000,0.43915000,4.50000000,1514460899999,1.97617500,2,4.00000000,1.75660000
1514460900000,0.43915000,0.43915000,0.43915000,0.43915000,0.50000000,1514460959999,0.21957500,1,0.50000000,0.21957500
1514460960000,0.43915000,0.43915000,0.43915000,0.43915000,0.00000000,1514461019999,0.00000000,0,0.00000000,0.00000000
1514461020000,0.43915000,0.43915000,0.43915000,0.43915000,0.00000000,1514461079999,0.00000000,0,0.00000000,0.00000000
1514461080000,0.43915000,0.43915000,0.43915000,0.43915000,0.00000000,1514461139999,0.00000000,0,0.00000000,0.00000000
1514461140000,0.43915000,0.43915000,0.43915000,0.43915000,0.00000000,1514461199999,0.00000000,0,0.00000000,0.00000000
1514461200000,0.43915000,0.43915000,0.43915000,0.43915000,0.00000000,1514461259999,0.00000000,0,0.00000000,0.00000000
1514461260000,0.43915000,0.43915000,0.43915000,0.43915000,0.00000000,1514461319999,0.00000000,0,0.00000000,0.00000000
1514461320000,0.43915000,0.43915000,0.43915000,0.43915000,0.00000000,1514461379999,0.00000000,0,0.00000000,0.00000000
1514461380000,0.43915000,0.43915000,0.43915000,0.43915000,0.00000000,1514461439999,0.00000000,0,0.00000000,0.00000000
1514461440000,0.43915000,0.43915000,0.43915000,0.43915000,0.00000000,1514461499999,0.00000000,0,0.00000000,0.00000000
1514461500000,0.45787000,0.45850000,0.45785000,0.45850000,52.23000000,1514461559999,23.93144400,5,52.23000000,23.93144400
1514461560000,0.45890000,0.45890000,0.45890000,0.45890000,0.12000000,1514461619999,0.05506800,1,0.12000000,0.05506800
1514461620000,0.45890000,0.45890000,0.45890000,0.45890000,0.00000000,1514461679999,0.00000000,0,0.00000000,0.00000000
1514461680000,0.45890000,0.45890000,0.45890000,0.45890000,0.00000000,1514461739999,0.00000000,0,0.00000000,0.00000000
1514461740000,0.45890000,0.45890000,0.45890000,0.45890000,0.00000000,1514461799999,0.00000000,0,0.00000000,0.00000000
1514461800000,0.45890000,0.45890000,0.45890000,0.45890000,0.00000000,1514461859999,0.00000000,0,0.00000000,0.00000000
1514461860000,0.45890000,0.45890000,0.45890000,0.45890000,59.24000000,1514461919999,27.18523600,4,45.18000000,20.73310200
1514461920000,0.45890000,0.45890000,0.45890000,0.45890000,0.00000000,1514461979999,0.00000000,0,0.00000000,0.00000000
1514461980000,0.45890000,0.45890000,0.45890000,0.45890000,0.00000000,1514462039999,0.00000000,0,0.00000000,0.00000000
1514462040000,0.45890000,0.45890000,0.45890000,0.45890000,0.00000000,1514462099999,0.00000000,0,0.00000000,0.00000000
1514462100000,0.45890000,0.45890000,0.45890000,0.45890000,0.00000000,1514462159999,0.00000000,0,0.00000000,0.00000000
1514462160000,0.45890000,0.45890000,0.45890000,0.45890000,0.00000000,1514462219999,0.00000000,0,0.00000000,0.00000000
1514462220000,0.45890000,0.45890000,0.45890000,0.45890000,0.00000000,1514462279999,0.00000000,0,0.00000000,0.00000000
1514462280000,0.45890000,0.45890000,0.45890000,0.45890000,0.00000000,1514462339999,0.00000000,0,0.00000000,0.00000000
1514462340000,0.45890000,0.45890000,0.45890000,0.45890000,0.00000000,1514462399999,0.00000000,0,0.00000000,0.00000000
1514462400000,0.45890000,0.45890000,0.45890000,0.45890000,0.00000000,1514462459999,0.00000000,0,0.00000000,0.00000000
1514462460000,0.45890000,0.45890000,0.45890000,0.45890000,0.00000000,1514462519999,0.00000000,0,0.00000000,0.00000000
1514462520000,0.45890000,0.45890000,0.45890000,0.45890000,0.00000000,1514462579999,0.00000000,0,0.00000000,0.00000000
1514462580000,0.45890000,0.45890000,0.45890000,0.45890000,0.00000000,1514462639999,0.00000000,0,0.00000000,0.00000000
1514462640000,0.45890000,0.45890000,0.45890000,0.45890000,0.00000000,1514462699999,0.00000000,0,0.00000000,0.00000000
1514462700000,0.45890000,0.45890000,0.45890000,0.45890000,0.00000000,1514462759999,0.00000000,0,0.00000000,0.00000000
1514462760000,0.45890000,0.45890000,0.45890000,0.45890000,0.00000000,1514462819999,0.00000000,0,0.00000000,0.00000000
1514462820000,0.45890000,0.45890000,0.45890000,0.45890000,0.00000000,1514462879999,0.00000000,0,0.00000000,0.00000000
1514462880000,0.45890000,0.45890000,0.45890000,0.45890000,0.00000000,1514462939999,0.00000000,0,0.00000000,0.00000000
1514462940000,0.45890000,0.45890000,0.45890000,0.45890000,0.00000000,1514462999999,0.00000000,0,0.00000000,0.00000000
1514463000000,0.45890000,0.45890000,0.45890000,0.45890000,0.00000000,1514463059999,0.00000000,0,0.00000000,0.00000000
1514463060000,0.45810000,0.47018000,0.45810000,0.47018000,268.00000000,1514463119999,123.81880260,15,268.00000000,123.81880260
1514463120000,0.47018000,0.47018000,0.47018000,0.47018000,0.00000000,1514463179999,0.00000000,0,0.00000000,0.00000000
1514463180000,0.47018000,0.47018000,0.47018000,0.47018000,0.00000000,1514463239999,0.00000000,0,0.00000000,0.00000000
1514463240000,0.47018000,0.47018000,0.47018000,0.47018000,0.00000000,1514463299999,0.00000000,0,0.00000000,0.00000000
1514463300000,0.47018000,0.47018000,0.47018000,0.47018000,0.00000000,1514463359999,0.00000000,0,0.00000000,0.00000000
1514463360000,0.47018000,0.47018000,0.47018000,0.47018000,0.00000000,1514463419999,0.00000000,0,0.00000000,0.00000000
1514463420000,0.47018000,0.47018000,0.47018000,0.47018000,0.00000000,1514463479999,0.00000000,0,0.00000000,0.00000000
1514463480000,0.47018000,0.47018000,0.47018000,0.47018000,0.00000000,1514463539999,0.00000000,0,0.00000000,0.00000000
1514463540000,0.47018000,0.47018000,0.47018000,0.47018000,0.00000000,1514463599999,0.00000000,0,0.00000000,0.00000000
1514463600000,0.47018000,0.47018000,0.47018000,0.47018000,0.00000000,1514463659999,0.00000000,0,0.00000000,0.00000000
1514463660000,0.47018000,0.47018000,0.47018000,0.47018000,0.00000000,1514463719999,0.00000000,0,0.00000000,0.00000000
1514463720000,0.47018000,0.47018000,0.47018000,0.47018000,0.00000000,1514463779999,0.00000000,0,0.00000000,0.00000000
1514463780000,0.47018000,0.47018000,0.47018000,0.47018000,0.00000000,1514463839999,0.00000000,0,0.00000000,0.00000000
1514463840000,0.47018000,0.47018000,0.47018000,0.47018000,0.00000000,1514463899999,0.00000000,0,0.00000000,0.00000000
1514463900000,0.47018000,0.47018000,0.47018000,0.47018000,0.00000000,1514463959999,0.00000000,0,0.00000000,0.00000000
1514463960000,0.47018000,0.47018000,0.47018000,0.47018000,0.00000000,1514464019999,0.00000000,0,0.00000000,0.00000000
1514464020000,0.47018000,0.47018000,0.47018000,0.47018000,0.00000000,1514464079999,0.00000000,0,0.00000000,0.00000000
1514464080000,0.46856000,0.46856000,0.46856000,0.46856000,9.00000000,1514464139999,4.21704000,1,9.00000000,4.21704000
1514464140000,0.46856000,0.46856000,0.46856000,0.46856000,0.00000000,1514464199999,0.00000000,0,0.00000000,0.00000000
1514464200000,0.46856000,0.46856000,0.46856000,0.46856000,0.00000000,1514464259999,0.00000000,0,0.00000000,0.00000000
1514464260000,0.46856000,0.46856000,0.46856000,0.46856000,0.00000000,1514464319999,0.00000000,0,0.00000000,0.00000000
1514464320000,0.46856000,0.46856000,0.46856000,0.46856000,0.00000000,1514464379999,0.00000000,0,0.00000000,0.00000000
1514464380000,0.46856000,0.46856000,0.46856000,0.46856000,0.00000000,1514464439999,0.00000000,0,0.00000000,0.00000000
1514464440000,0.46856000,0.46856000,0.46856000,0.46856000,0.00000000,1514464499999,0.00000000,0,0.00000000,0.00000000
1514464500000,0.46856000,0.46856000,0.46856000,0.46856000,0.00000000,1514464559999,0.00000000,0,0.00000000,0.00000000
1514464560000,0.46856000,0.46856000,0.46856000,0.46856000,0.00000000,1514464619999,0.00000000,0,0.00000000,0.00000000
1514464620000,0.46856000,0.46856000,0.46856000,0.46856000,0.00000000,1514464679999,0.00000000,0,0.00000000,0.00000000
1514464680000,0.43701000,0.43701000,0.43701000,0.43701000,0.80000000,1514464739999,0.34960800,1,0.00000000,0.00000000
1514464740000,0.43701000,0.43701000,0.43701000,0.43701000,0.00000000,1514464799999,0.00000000,0,0.00000000,0.00000000
1514464800000,0.43701000,0.43701000,0.43701000,0.43701000,0.00000000,1514464859999,0.00000000,0,0.00000000,0.00000000
1514464860000,0.43701000,0.43701000,0.43701000,0.43701000,0.00000000,1514464919999,0.00000000,0,0.00000000,0.00000000
1514464920000,0.43701000,0.43701000,0.43701000,0.43701000,0.00000000,1514464979999,0.00000000,0,0.00000000,0.00000000
1514464980000,0.43701000,0.43701000,0.43701000,0.43701000,0.00000000,1514465039999,0.00000000,0,0.00000000,0.00000000
1514465040000,0.46000000,0.46000000,0.46000000,0.46000000,68.68000000,1514465099999,31.59280000,2,68.68000000,31.59280000
1514465100000,0.46000000,0.46000000,0.46000000,0.46000000,0.00000000,1514465159999,0.00000000,0,0.00000000,0.00000000
1514465160000,0.46000000,0.46000000,0.46000000,0.46000000,0.00000000,1514465219999,0.00000000,0,0.00000000,0.00000000
1514465220000,0.46000000,0.46000000,0.46000000,0.46000000,0.00000000,1514465279999,0.00000000,0,0.00000000,0.00000000
1514465280000,0.46000000,0.46000000,0.46000000,0.46000000,0.00000000,1514465339999,0.00000000,0,0.00000000,0.00000000
1514465340000,0.46000000,0.46000000,0.46000000,0.46000000,0.00000000,1514465399999,0.00000000,0,0.00000000,0.00000000
1514465400000,0.46000000,0.46000000,0.46000000,0.46000000,0.00000000,1514465459999,0.00000000,0,0.00000000,0.00000000
1514465460000,0.46000000,0.46000000,0.46000000,0.46000000,0.00000000,1514465519999,0.00000000,0,0.00000000,0.00000000
1514465520000,0.46000000,0.46000000,0.46000000,0.46000000,0.00000000,1514465579999,0.00000000,0,0.00000000,0.00000000
1514465580000,0.46000000,0.46000000,0.46000000,0.46000000,0.00000000,1514465639999,0.00000000,0,0.00000000,0.00000000
1514465640000,0.46000000,0.46000000,0.46000000,0.46000000,0.00000000,1514465699999,0.00000000,0,0.00000000,0.00000000
1514465700000,0.46000000,0.46000000,0.46000000,0.46000000,0.00000000,1514465759999,0.00000000,0,0.00000000,0.00000000
1514465760000,0.46000000,0.46000000,0.46000000,0.46000000,0.00000000,1514465819999,0.00000000,0,0.00000000,0.00000000
1514465820000,0.46000000,0.46000000,0.46000000,0.46000000,0.00000000,1514465879999,0.00000000,0,0.00000000,0.00000000
1514465880000,0.46000000,0.46000000,0.46000000,0.46000000,0.00000000,1514465939999,0.00000000,0,0.00000000,0.00000000
1514465940000,0.46000000,0.46000000,0.46000000,0.46000000,6.35000000,1514465999999,2.92100000,2,0.00000000,0.00000000
1514466000000,0.46000000,0.46000000,0.46000000,0.46000000,0.00000000,1514466059999,0.00000000,0,0.00000000,0.00000000
1514466060000,0.46000000,0.46000000,0.46000000,0.46000000,0.00000000,1514466119999,0.00000000,0,0.00000000,0.00000000
1514466120000,0.46000000,0.46000000,0.46000000,0.46000000,0.00000000,1514466179999,0.00000000,0,0.00000000,0.00000000
1514466180000,0.46000000,0.46000000,0.46000000,0.46000000,0.00000000,1514466239999,0.00000000,0,0.00000000,0.00000000
1514466240000,0.46000000,0.46000000,0.46000000,0.46000000,48.87000000,1514466299999,22.48020000,6,23.65000000,10.87900000
1514466300000,0.46000000,0.46000000,0.46000000,0.46000000,0.00000000,1514466359999,0.00000000,0,0.00000000,0.00000000
1514466360000,0.46000000,0.46000000,0.46000000,0.46000000,0.00000000,1514466419999,0.00000000,0,0.00000000,0.00000000
1514466420000,0.43808000,0.43808000,0.42885000,0.42885000,50.00000000,1514466479999,21.80280460,4,0.00000000,0.00000000
1514466480000,0.42885000,0.42885000,0.42885000,0.42885000,0.00000000,1514466539999,0.00000000,0,0.00000000,0.00000000
1514466540000,0.42885000,0.42885000,0.42885000,0.42885000,0.00000000,1514466599999,0.00000000,0,0.00000000,0.00000000
1514466600000,0.42885000,0.42885000,0.42885000,0.42885000,0.00000000,1514466659999,0.00000000,0,0.00000000,0.00000000
1514466660000,0.42885000,0.42885000,0.42885000,0.42885000,0.00000000,1514466719999,0.00000000,0,0.00000000,0.00000000
1514466720000,0.42885000,0.42885000,0.42885000,0.42885000,0.00000000,1514466779999,0.00000000,0,0.00000000,0.00000000
1514466780000,0.42885000,0.42885000,0.42885000,0.42885000,0.00000000,1514466839999,0.00000000,0,0.00000000,0.00000000
1514466840000,0.42885000,0.42885000,0.42885000,0.42885000,0.00000000,1514466899999,0.00000000,0,0.00000000,0.00000000
1514466900000,0.42885000,0.42885000,0.42885000,0.42885000,0.00000000,1514466959999,0.00000000,0,0.00000000,0.00000000
1514466960000,0.42885000,0.42885000,0.42885000,0.42885000,0.00000000,1514467019999,0.00000000,0,0.00000000,0.00000000
1514467020000,0.42885000,0.42885000,0.42885000,0.42885000,0.00000000,1514467079999,0.00000000,0,0.00000000,0.00000000
1514467080000,0.42885000,0.42885000,0.42885000,0.42885000,0.00000000,1514467139999,0.00000000,0,0.00000000,0.00000000
1514467140000,0.42885000,0.42885000,0.42885000,0.42885000,0.00000000,1514467199999,0.00000000,0,0.00000000,0.00000000
1514467200000,0.42885000,0.42885000,0.42885000,0.42885000,0.00000000,1514467259999,0.00000000,0,0.00000000,0.00000000
1514467260000,0.42885000,0.42885000,0.42885000,0.42885000,0.00000000,1514467319999,0.00000000,0,0.00000000,0.00000000
1514467320000,0.42885000,0.42885000,0.42885000,0.42885000,0.00000000,1514467379999,0.00000000,0,0.00000000,0.00000000
1514467380000,0.42885000,0.42885000,0.42885000,0.42885000,0.00000000,1514467439999,0.00000000,0,0.00000000,0.00000000
1514467440000,0.42885000,0.42885000,0.42885000,0.42885000,0.00000000,1514467499999,0.00000000,0,0.00000000,0.00000000
1514467500000,0.42885000,0.42885000,0.42885000,0.42885000,0.00000000,1514467559999,0.00000000,0,0.00000000,0.00000000
1514467560000,0.42885000,0.42885000,0.42885000,0.42885000,0.00000000,1514467619999,0.00000000,0,0.00000000,0.00000000
1514467620000,0.42885000,0.42885000,0.42885000,0.42885000,0.00000000,1514467679999,0.00000000,0,0.00000000,0.00000000
1514467680000,0.42885000,0.42885000,0.42885000,0.42885000,0.00000000,1514467739999,0.00000000,0,0.00000000,0.00000000
1514467740000,0.42885000,0.42885000,0.42885000,0.42885000,0.00000000,1514467799999,0.00000000,0,0.00000000,0.00000000
1514467800000,0.42885000,0.42885000,0.42885000,0.42885000,0.00000000,1514467859999,0.00000000,0,0.00000000,0.00000000
1514467860000,0.42885000,0.42885000,0.42885000,0.42885000,0.00000000,1514467919999,0.00000000,0,0.00000000,0.00000000
1514467920000,0.42885000,0.42885000,0.42885000,0.42885000,0.00000000,1514467979999,0.00000000,0,0.00000000,0.00000000
1514467980000,0.42885000,0.42885000,0.42885000,0.42885000,0.00000000,1514468039999,0.00000000,0,0.00000000,0.00000000
1514468040000,0.42885000,0.42885000,0.42885000,0.42885000,0.00000000,1514468099999,0.00000000,0,0.00000000,0.00000000
1514468100000,0.42885000,0.42885000,0.42885000,0.42885000,0.00000000,1514468159999,0.00000000,0,0.00000000,0.00000000
1514468160000,0.42885000,0.42885000,0.42885000,0.42885000,0.00000000,1514468219999,0.00000000,0,0.00000000,0.00000000
1514468220000,0.42885000,0.42885000,0.42885000,0.42885000,0.00000000,1514468279999,0.00000000,0,0.00000000,0.00000000
1514468280000,0.42885000,0.42885000,0.42885000,0.42885000,0.00000000,1514468339999,0.00000000,0,0.00000000,0.00000000
1514468340000,0.45840000,0.46941000,0.45840000,0.45840000,38.00000000,1514468399999,17.43205930,4,38.00000000,17.43205930
1514468400000,0.47154000,0.48000000,0.47154000,0.48000000,38.48000000,1514468459999,18.16389580,3,38.48000000,18.16389580
1514468460000,0.48000000,0.48000000,0.48000000,0.48000000,0.00000000,1514468519999,0.00000000,0,0.00000000,0.00000000
1514468520000,0.48000000,0.48000000,0.48000000,0.48000000,0.00000000,1514468579999,0.00000000,0,0.00000000,0.00000000
1514468580000,0.45840000,0.45840000,0.45840000,0.45840000,1515.04000000,1514468639999,694.49433600,2,0.00000000,0.00000000
1514468640000,0.45840000,0.45840000,0.45840000,0.45840000,0.00000000,1514468699999,0.00000000,0,0.00000000,0.00000000
1514468700000,0.45840000,0.45840000,0.45840000,0.45840000,0.00000000,1514468759999,0.00000000,0,0.00000000,0.00000000
1514468760000,0.45840000,0.45840000,0.45840000,0.45840000,0.00000000,1514468819999,0.00000000,0,0.00000000,0.00000000
1514468820000,0.45840000,0.45840000,0.45840000,0.45840000,0.00000000,1514468879999,0.00000000,0,0.00000000,0.00000000
1514468880000,0.45840000,0.45840000,0.45840000,0.45840000,0.00000000,1514468939999,0.00000000,0,0.00000000,0.00000000
1514468940000,0.45840000,0.45840000,0.45840000,0.45840000,0.00000000,1514468999999,0.00000000,0,0.00000000,0.00000000
1514469000000,0.45840000,0.45840000,0.45840000,0.45840000,0.00000000,1514469059999,0.00000000,0,0.00000000,0.00000000
1514469060000,0.45840000,0.45840000,0.45840000,0.45840000,0.00000000,1514469119999,0.00000000,0,0.00000000,0.00000000
1514469120000,0.45840000,0.45840000,0.45840000,0.45840000,0.00000000,1514469179999,0.00000000,0,0.00000000,0.00000000
1514469180000,0.45840000,0.45840000,0.45840000,0.45840000,0.00000000,1514469239999,0.00000000,0,0.00000000,0.00000000
1514469240000,0.45840000,0.45840000,0.45840000,0.45840000,0.00000000,1514469299999,0.00000000,0,0.00000000,0.00000000
1514469300000,0.45840000,0.45840000,0.45840000,0.45840000,0.00000000,1514469359999,0.00000000,0,0.00000000,0.00000000
1514469360000,0.45840000,0.45840000,0.45840000,0.45840000,0.00000000,1514469419999,0.00000000,0,0.00000000,0.00000000
1514469420000,0.45840000,0.45840000,0.45840000,0.45840000,0.00000000,1514469479999,0.00000000,0,0.00000000,0.00000000
1514469480000,0.45840000,0.45840000,0.45840000,0.45840000,0.00000000,1514469539999,0.00000000,0,0.00000000,0.00000000
1514469540000,0.45840000,0.45840000,0.45840000,0.45840000,0.00000000,1514469599999,0.00000000,0,0.00000000,0.00000000
1514469600000,0.45840000,0.45840000,0.45840000,0.45840000,0.00000000,1514469659999,0.00000000,0,0.00000000,0.00000000
1514469660000,0.45840000,0.45840000,0.45840000,0.45840000,0.00000000,1514469719999,0.00000000,0,0.00000000,0.00000000
1514469720000,0.45840000,0.45840000,0.45840000,0.45840000,0.00000000,1514469779999,0.00000000,0,0.00000000,0.00000000
1514469780000,0.45840000,0.45840000,0.45840000,0.45840000,0.00000000,1514469839999,0.00000000,0,0.00000000,0.00000000
1514469840000,0.45840000,0.45840000,0.45840000,0.45840000,0.00000000,1514469899999,0.00000000,0,0.00000000,0.00000000
1514469900000,0.42935000,0.42935000,0.42934000,0.42934000,28.39000000,1514469959999,12.18906000,2,0.00000000,0.00000000
1514469960000,0.42934000,0.42934000,0.42934000,0.42934000,0.00000000,1514470019999,0.00000000,0,0.00000000,0.00000000
1514470020000,0.42934000,0.42934000,0.42934000,0.42934000,0.00000000,1514470079999,0.00000000,0,0.00000000,0.00000000
1514470080000,0.42934000,0.42934000,0.42934000,0.42934000,0.00000000,1514470139999,0.00000000,0,0.00000000,0.00000000
1514470140000,0.42934000,0.42934000,0.42934000,0.42934000,0.00000000,1514470199999,0.00000000,0,0.00000000,0.00000000
1514470200000,0.42934000,0.42934000,0.42934000,0.42934000,0.00000000,1514470259999,0.00000000,0,0.00000000,0.00000000
1514470260000,0.42934000,0.42934000,0.42934000,0.42934000,0.00000000,1514470319999,0.00000000,0,0.00000000,0.00000000
1514470320000,0.45761000,0.45761000,0.45761000,0.45761000,338.67000000,1514470379999,154.97877870,1,338.67000000,154.97877870
1514470380000,0.45761000,0.45761000,0.45761000,0.45761000,0.00000000,1514470439999,0.00000000,0,0.00000000,0.00000000
1514470440000,0.45761000,0.45761000,0.45761000,0.45761000,0.00000000,1514470499999,0.00000000,0,0.00000000,0.00000000
1514470500000,0.45761000,0.45761000,0.45761000,0.45761000,0.00000000,1514470559999,0.00000000,0,0.00000000,0.00000000
1514470560000,0.42957000,0.42957000,0.42956000,0.42956000,113.36000000,1514470619999,48.69495060,2,0.00000000,0.00000000
1514470620000,0.42956000,0.42956000,0.42956000,0.42956000,0.00000000,1514470679999,0.00000000,0,0.00000000,0.00000000
1514470680000,0.42956000,0.42956000,0.42956000,0.42956000,0.00000000,1514470739999,0.00000000,0,0.00000000,0.00000000
1514470740000,0.42956000,0.42956000,0.42956000,0.42956000,0.00000000,1514470799999,0.00000000,0,0.00000000,0.00000000
1514470800000,0.42956000,0.42956000,0.42956000,0.42956000,0.00000000,1514470859999,0.00000000,0,0.00000000,0.00000000
1514470860000,0.42956000,0.42956000,0.42956000,0.42956000,0.00000000,1514470919999,0.00000000,0,0.00000000,0.00000000
1514470920000,0.42956000,0.42956000,0.42956000,0.42956000,0.00000000,1514470979999,0.00000000,0,0.00000000,0.00000000
1514470980000,0.42956000,0.42956000,0.42956000,0.42956000,0.00000000,1514471039999,0.00000000,0,0.00000000,0.00000000
1514471040000,0.42956000,0.42956000,0.42956000,0.42956000,0.00000000,1514471099999,0.00000000,0,0.00000000,0.00000000
1514471100000,0.42956000,0.42956000,0.42956000,0.42956000,0.00000000,1514471159999,0.00000000,0,0.00000000,0.00000000
1514471160000,0.42956000,0.42956000,0.42956000,0.42956000,0.00000000,1514471219999,0.00000000,0,0.00000000,0.00000000
1514471220000,0.42956000,0.42956000,0.42956000,0.42956000,0.00000000,1514471279999,0.00000000,0,0.00000000,0.00000000
1514471280000,0.42956000,0.42956000,0.42956000,0.42956000,0.00000000,1514471339999,0.00000000,0,0.00000000,0.00000000
1514471340000,0.42956000,0.42956000,0.42956000,0.42956000,0.00000000,1514471399999,0.00000000,0,0.00000000,0.00000000
1514471400000,0.42956000,0.42956000,0.42956000,0.42956000,0.00000000,1514471459999,0.00000000,0,0.00000000,0.00000000
1514471460000,0.42956000,0.42956000,0.42956000,0.42956000,0.00000000,1514471519999,0.00000000,0,0.00000000,0.00000000
1514471520000,0.42956000,0.42956000,0.42956000,0.42956000,0.00000000,1514471579999,0.00000000,0,0.00000000,0.00000000
1514471580000,0.45534000,0.45534000,0.45534000,0.45534000,160.00000000,1514471639999,72.85440000,4,138.89000000,63.24217260
1514471640000,0.45534000,0.45534000,0.45534000,0.45534000,0.00000000,1514471699999,0.00000000,0,0.00000000,0.00000000
1514471700000,0.45445000,0.45449000,0.45445000,0.45449000,20.00000000,1514471759999,9.08939080,3,20.00000000,9.08939080
1514471760000,0.45449000,0.45449000,0.45449000,0.45449000,0.00000000,1514471819999,0.00000000,0,0.00000000,0.00000000
1514471820000,0.45449000,0.45449000,0.45449000,0.45449000,0.00000000,1514471879999,0.00000000,0,0.00000000,0.00000000
1514471880000,0.45449000,0.45449000,0.45449000,0.45449000,0.00000000,1514471939999,0.00000000,0,0.00000000,0.00000000
1514471940000,0.45449000,0.45449000,0.45449000,0.45449000,0.00000000,1514471999999,0.00000000,0,0.00000000,0.00000000
1514472000000,0.45449000,0.45449000,0.45449000,0.45449000,0.00000000,1514472059999,0.00000000,0,0.00000000,0.00000000
1514472060000,0.45449000,0.45449000,0.45449000,0.45449000,0.00000000,1514472119999,0.00000000,0,0.00000000,0.00000000
1514472120000,0.43235000,0.43235000,0.43235000,0.43235000,68.68000000,1514472179999,29.69379800,1,0.00000000,0.00000000
1514472180000,0.43235000,0.43235000,0.43235000,0.43235000,0.00000000,1514472239999,0.00000000,0,0.00000000,0.00000000
1514472240000,0.43235000,0.43235000,0.43235000,0.43235000,0.00000000,1514472299999,0.00000000,0,0.00000000,0.00000000
1514472300000,0.43235000,0.43235000,0.43235000,0.43235000,13.00000000,1514472359999,5.62055000,1,0.00000000,0.00000000
1514472360000,0.43235000,0.43235000,0.43235000,0.43235000,0.00000000,1514472419999,0.00000000,0,0.00000000,0.00000000
1514472420000,0.43235000,0.43235000,0.43235000,0.43235000,0.00000000,1514472479999,0.00000000,0,0.00000000,0.00000000
1514472480000,0.43235000,0.43235000,0.43235000,0.43235000,0.00000000,1514472539999,0.00000000,0,0.00000000,0.00000000
1514472540000,0.44235000,0.44235000,0.44235000,0.44235000,12.64000000,1514472599999,5.59130400,3,12.64000000,5.59130400
1514472600000,0.44235000,0.44235000,0.44235000,0.44235000,0.00000000,1514472659999,0.00000000,0,0.00000000,0.00000000
1514472660000,0.44235000,0.44235000,0.44235000,0.44235000,0.00000000,1514472719999,0.00000000,0,0.00000000,0.00000000
1514472720000,0.43235000,0.43235000,0.43235000,0.43235000,3.61000000,1514472779999,1.56078350,1,0.00000000,0.00000000
1514472780000,0.43235000,0.43235000,0.43235000,0.43235000,0.00000000,1514472839999,0.00000000,0,0.00000000,0.00000000
1514472840000,0.43235000,0.43235000,0.43235000,0.43235000,0.00000000,1514472899999,0.00000000,0,0.00000000,0.00000000
1514472900000,0.43235000,0.43235000,0.43235000,0.43235000,0.00000000,1514472959999,0.00000000,0,0.00000000,0.00000000
1514472960000,0.43235000,0.43235000,0.43235000,0.43235000,0.00000000,1514473019999,0.00000000,0,0.00000000,0.00000000
1514473020000,0.43235000,0.43235000,0.43235000,0.43235000,0.00000000,1514473079999,0.00000000,0,0.00000000,0.00000000
1514473080000,0.43235000,0.43235000,0.43235000,0.43235000,0.00000000,1514473139999,0.00000000,0,0.00000000,0.00000000
1514473140000,0.43235000,0.43235000,0.43235000,0.43235000,0.00000000,1514473199999,0.00000000,0,0.00000000,0.00000000
1514473200000,0.43235000,0.43235000,0.43235000,0.43235000,0.00000000,1514473259999,0.00000000,0,0.00000000,0.00000000
1514473260000,0.43235000,0.43235000,0.43235000,0.43235000,0.00000000,1514473319999,0.00000000,0,0.00000000,0.00000000
1514473320000,0.43235000,0.43235000,0.43235000,0.43235000,0.00000000,1514473379999,0.00000000,0,0.00000000,0.00000000
1514473380000,0.43235000,0.43235000,0.43235000,0.43235000,0.00000000,1514473439999,0.00000000,0,0.00000000,0.00000000
1514473440000,0.43235000,0.43235000,0.43235000,0.43235000,0.00000000,1514473499999,0.00000000,0,0.00000000,0.00000000
1514473500000,0.43235000,0.43235000,0.43235000,0.43235000,0.00000000,1514473559999,0.00000000,0,0.00000000,0.00000000
1514473560000,0.43235000,0.43235000,0.43235000,0.43235000,0.00000000,1514473619999,0.00000000,0,0.00000000,0.00000000
1514473620000,0.45528000,0.45761000,0.45528000,0.45761000,160.00000000,1514473679999,72.93050460,4,160.00000000,72.93050460
1514473680000,0.45761000,0.45761000,0.45761000,0.45761000,0.00000000,1514473739999,0.00000000,0,0.00000000,0.00000000
1514473740000,0.45761000,0.45761000,0.45761000,0.45761000,0.00000000,1514473799999,0.00000000,0,0.00000000,0.00000000
1514473800000,0.45761000,0.45761000,0.45761000,0.45761000,0.00000000,1514473859999,0.00000000,0,0.00000000,0.00000000
1514473860000,0.45761000,0.45761000,0.45761000,0.45761000,0.00000000,1514473919999,0.00000000,0,0.00000000,0.00000000
1514473920000,0.45761000,0.45761000,0.45761000,0.45761000,0.00000000,1514473979999,0.00000000,0,0.00000000,0.00000000
1514473980000,0.45761000,0.45761000,0.45761000,0.45761000,0.00000000,1514474039999,0.00000000,0,0.00000000,0.00000000
1514474040000,0.45761000,0.45761000,0.45761000,0.45761000,0.00000000,1514474099999,0.00000000,0,0.00000000,0.00000000
1514474100000,0.45761000,0.45761000,0.45761000,0.45761000,0.00000000,1514474159999,0.00000000,0,0.00000000,0.00000000
1514474160000,0.45761000,0.45761000,0.45761000,0.45761000,0.00000000,1514474219999,0.00000000,0,0.00000000,0.00000000
1514474220000,0.45761000,0.45761000,0.45761000,0.45761000,0.00000000,1514474279999,0.00000000,0,0.00000000,0.00000000
1514474280000,0.45761000,0.45761000,0.45761000,0.45761000,0.00000000,1514474339999,0.00000000,0,0.00000000,0.00000000
1514474340000,0.44754000,0.44754000,0.44754000,0.44754000,2.44000000,1514474399999,1.09199760,2,0.00000000,0.00000000
1514474400000,0.44754000,0.44754000,0.44754000,0.44754000,0.00000000,1514474459999,0.00000000,0,0.00000000,0.00000000
1514474460000,0.44754000,0.44754000,0.44754000,0.44754000,0.00000000,1514474519999,0.00000000,0,0.00000000,0.00000000
1514474520000,0.44754000,0.44754000,0.44754000,0.44754000,0.00000000,1514474579999,0.00000000,0,0.00000000,0.00000000
1514474580000,0.44754000,0.44754000,0.44754000,0.44754000,0.00000000,1514474639999,0.00000000,0,0.00000000,0.00000000
1514474640000,0.44754000,0.44754000,0.44754000,0.44754000,0.00000000,1514474699999,0.00000000,0,0.00000000,0.00000000
1514474700000,0.44754000,0.44754000,0.44754000,0.44754000,0.00000000,1514474759999,0.00000000,0,0.00000000,0.00000000
1514474760000,0.44754000,0.44754000,0.44754000,0.44754000,0.00000000,1514474819999,0.00000000,0,0.00000000,0.00000000
1514474820000,0.44754000,0.44754000,0.44754000,0.44754000,0.00000000,1514474879999,0.00000000,0,0.00000000,0.00000000
1514474880000,0.44754000,0.44754000,0.44754000,0.44754000,0.00000000,1514474939999,0.00000000,0,0.00000000,0.00000000
1514474940000,0.44754000,0.44754000,0.44754000,0.44754000,0.00000000,1514474999999,0.00000000,0,0.00000000,0.00000000
1514475000000,0.44754000,0.44754000,0.44754000,0.44754000,0.00000000,1514475059999,0.00000000,0,0.00000000,0.00000000
1514475060000,0.44754000,0.44754000,0.44754000,0.44754000,0.00000000,1514475119999,0.00000000,0,0.00000000,0.00000000
1514475120000,0.44754000,0.44754000,0.44754000,0.44754000,0.00000000,1514475179999,0.00000000,0,0.00000000,0.00000000
1514475180000,0.44754000,0.44754000,0.44754000,0.44754000,0.00000000,1514475239999,0.00000000,0,0.00000000,0.00000000
1514475240000,0.43360000,0.43360000,0.43360000,0.43360000,5.00000000,1514475299999,2.16800000,1,0.00000000,0.00000000
1514475300000,0.43360000,0.43360000,0.43251000,0.43251000,304.84000000,1514475359999,131.85389120,12,50.01000000,21.62982510
1514475360000,0.43360000,0.43360000,0.43360000,0.43360000,0.08000000,1514475419999,0.03468800,1,0.08000000,0.03468800
1514475420000,0.43360000,0.43360000,0.43360000,0.43360000,0.00000000,1514475479999,0.00000000,0,0.00000000,0.00000000
1514475480000,0.43360000,0.43360000,0.43360000,0.43360000,0.00000000,1514475539999,0.00000000,0,0.00000000,0.00000000
1514475540000,0.43360000,0.43360000,0.43360000,0.43360000,0.00000000,1514475599999,0.00000000,0,0.00000000,0.00000000
1514475600000,0.43360000,0.43360000,0.43360000,0.43360000,0.00000000,1514475659999,0.00000000,0,0.00000000,0.00000000
1514475660000,0.43360000,0.43360000,0.43360000,0.43360000,0.00000000,1514475719999,0.00000000,0,0.00000000,0.00000000
1514475720000,0.44753000,0.44754000,0.44753000,0.44754000,18.94000000,1514475779999,8.47631820,4,18.94000000,8.47631820
1514475780000,0.44754000,0.44754000,0.44754000,0.44754000,0.00000000,1514475839999,0.00000000,0,0.00000000,0.00000000
1514475840000,0.44754000,0.44754000,0.44754000,0.44754000,0.00000000,1514475899999,0.00000000,0,0.00000000,0.00000000
1514475900000,0.44754000,0.44754000,0.44754000,0.44754000,0.00000000,1514475959999,0.00000000,0,0.00000000,0.00000000
1514475960000,0.43500000,0.43500000,0.43500000,0.43500000,293.52000000,1514476019999,127.68120000,1,0.00000000,0.00000000
1514476020000,0.43500000,0.43500000,0.43500000,0.43500000,0.00000000,1514476079999,0.00000000,0,0.00000000,0.00000000
1514476080000,0.43401000,0.43401000,0.43401000,0.43401000,137.45000000,1514476139999,59.65467450,1,0.00000000,0.00000000
1514476140000,0.43401000,0.43401000,0.43401000,0.43401000,0.00000000,1514476199999,0.00000000,0,0.00000000,0.00000000
1514476200000,0.43412000,0.43412000,0.43401000,0.43401000,900.92000000,1514476259999,391.04384600,7,538.18000000,233.57550180
1514476260000,0.43401000,0.43401000,0.43401000,0.43401000,0.00000000,1514476319999,0.00000000,0,0.00000000,0.00000000
1514476320000,0.43401000,0.43401000,0.43401000,0.43401000,0.00000000,1514476379999,0.00000000,0,0.00000000,0.00000000
1514476380000,0.43401000,0.43401000,0.43401000,0.43401000,9.61000000,1514476439999,4.17083610,2,9.61000000,4.17083610
1514476440000,0.43401000,0.43401000,0.43401000,0.43401000,0.00000000,1514476499999,0.00000000,0,0.00000000,0.00000000
1514476500000,0.43401000,0.43401000,0.43401000,0.43401000,0.00000000,1514476559999,0.00000000,0,0.00000000,0.00000000
1514476560000,0.43401000,0.43401000,0.43401000,0.43401000,0.00000000,1514476619999,0.00000000,0,0.00000000,0.00000000
1514476620000,0.43360000,0.43360000,0.43360000,0.43360000,33.13000000,1514476679999,14.36516800,2,0.00000000,0.00000000
1514476680000,0.43360000,0.43360000,0.43360000,0.43360000,0.00000000,1514476739999,0.00000000,0,0.00000000,0.00000000
1514476740000,0.43251000,0.43251000,0.43251000,0.43251000,3.60000000,1514476799999,1.55703600,2,0.72000000,0.31140720
1514476800000,0.43251000,0.43251000,0.43251000,0.43251000,0.00000000,1514476859999,0.00000000,0,0.00000000,0.00000000
1514476860000,0.43251000,0.43251000,0.43251000,0.43251000,0.00000000,1514476919999,0.00000000,0,0.00000000,0.00000000
1514476920000,0.43251000,0.43251000,0.43251000,0.43251000,0.00000000,1514476979999,0.00000000,0,0.00000000,0.00000000
1514476980000,0.43251000,0.43251000,0.43251000,0.43251000,0.00000000,1514477039999,0.00000000,0,0.00000000,0.00000000
1514477040000,0.43251000,0.43251000,0.43251000,0.43251000,0.00000000,1514477099999,0.00000000,0,0.00000000,0.00000000
1514477100000,0.43251000,0.43251000,0.43251000,0.43251000,0.00000000,1514477159999,0.00000000,0,0.00000000,0.00000000
1514477160000,0.43251000,0.43251000,0.43251000,0.43251000,0.00000000,1514477219999,0.00000000,0,0.00000000,0.00000000
1514477220000,0.43251000,0.43251000,0.43251000,0.43251000,0.00000000,1514477279999,0.00000000,0,0.00000000,0.00000000
1514477280000,0.43251000,0.43251000,0.43251000,0.43251000,0.00000000,1514477339999,0.00000000,0,0.00000000,0.00000000
1514477340000,0.43251000,0.43251000,0.43251000,0.43251000,0.00000000,1514477399999,0.00000000,0,0.00000000,0.00000000
1514477400000,0.43251000,0.43251000,0.43251000,0.43251000,0.00000000,1514477459999,0.00000000,0,0.00000000,0.00000000
1514477460000,0.43251000,0.43251000,0.43251000,0.43251000,0.00000000,1514477519999,0.00000000,0,0.00000000,0.00000000
1514477520000,0.43251000,0.43251000,0.43251000,0.43251000,0.00000000,1514477579999,0.00000000,0,0.00000000,0.00000000
1514477580000,0.43251000,0.43251000,0.43251000,0.43251000,0.00000000,1514477639999,0.00000000,0,0.00000000,0.00000000
1514477640000,0.43251000,0.43251000,0.43251000,0.43251000,0.00000000,1514477699999,0.00000000,0,0.00000000,0.00000000
1514477700000,0.43251000,0.43251000,0.43251000,0.43251000,0.00000000,1514477759999,0.00000000,0,0.00000000,0.00000000
1514477760000,0.43251000,0.43251000,0.43251000,0.43251000,0.00000000,1514477819999,0.00000000,0,0.00000000,0.00000000
1514477820000,0.43251000,0.43251000,0.43251000,0.43251000,0.00000000,1514477879999,0.00000000,0,0.00000000,0.00000000
1514477880000,0.43251000,0.43251000,0.43251000,0.43251000,0.00000000,1514477939999,0.00000000,0,0.00000000,0.00000000
1514477940000,0.43251000,0.43251000,0.43251000,0.43251000,0.00000000,1514477999999,0.00000000,0,0.00000000,0.00000000
1514478000000,0.43251000,0.43251000,0.43251000,0.43251000,0.00000000,1514478059999,0.00000000,0,0.00000000,0.00000000
1514478060000,0.43251000,0.43251000,0.43251000,0.43251000,0.00000000,1514478119999,0.00000000,0,0.00000000,0.00000000
1514478120000,0.43251000,0.43251000,0.43251000,0.43251000,0.00000000,1514478179999,0.00000000,0,0.00000000,0.00000000
1514478180000,0.43251000,0.43251000,0.43251000,0.43251000,0.00000000,1514478239999,0.00000000,0,0.00000000,0.00000000
1514478240000,0.43251000,0.43251000,0.43251000,0.43251000,0.00000000,1514478299999,0.00000000,0,0.00000000,0.00000000
1514478300000,0.43990000,0.43990000,0.42956000,0.42956000,478.25000000,1514478359999,207.08962420,6,0.00000000,0.00000000
1514478360000,0.42956000,0.42956000,0.42956000,0.42956000,0.00000000,1514478419999,0.00000000,0,0.00000000,0.00000000
1514478420000,0.42956000,0.42956000,0.42956000,0.42956000,0.00000000,1514478479999,0.00000000,0,0.00000000,0.00000000
1514478480000,0.42956000,0.42956000,0.42956000,0.42956000,0.00000000,1514478539999,0.00000000,0,0.00000000,0.00000000
1514478540000,0.42956000,0.42956000,0.42956000,0.42956000,0.00000000,1514478599999,0.00000000,0,0.00000000,0.00000000
1514478600000,0.42956000,0.42956000,0.42956000,0.42956000,0.00000000,1514478659999,0.00000000,0,0.00000000,0.00000000
1514478660000,0.42956000,0.42956000,0.42956000,0.42956000,0.00000000,1514478719999,0.00000000,0,0.00000000,0.00000000
1514478720000,0.42956000,0.42956000,0.42956000,0.42956000,0.00000000,1514478779999,0.00000000,0,0.00000000,0.00000000
1514478780000,0.42956000,0.42956000,0.42956000,0.42956000,0.00000000,1514478839999,0.00000000,0,0.00000000,0.00000000
1514478840000,0.42956000,0.42956000,0.42956000,0.42956000,0.00000000,1514478899999,0.00000000,0,0.00000000,0.00000000
1514478900000,0.42956000,0.42956000,0.42956000,0.42956000,0.00000000,1514478959999,0.00000000,0,0.00000000,0.00000000
1514478960000,0.42956000,0.42956000,0.42956000,0.42956000,0.00000000,1514479019999,0.00000000,0,0.00000000,0.00000000
1514479020000,0.42956000,0.42956000,0.42956000,0.42956000,0.00000000,1514479079999,0.00000000,0,0.00000000,0.00000000
1514479080000,0.42956000,0.42956000,0.42956000,0.42956000,0.00000000,1514479139999,0.00000000,0,0.00000000,0.00000000
1514479140000,0.43251000,0.43251000,0.42905000,0.42905000,32.72000000,1514479199999,14.10683740,4,0.00000000,0.00000000
1514479200000,0.42905000,0.42905000,0.42905000,0.42905000,0.00000000,1514479259999,0.00000000,0,0.00000000,0.00000000
1514479260000,0.42905000,0.42905000,0.42905000,0.42905000,0.00000000,1514479319999,0.00000000,0,0.00000000,0.00000000
1514479320000,0.42905000,0.42905000,0.42905000,0.42905000,0.00000000,1514479379999,0.00000000,0,0.00000000,0.00000000
1514479380000,0.42905000,0.42905000,0.42905000,0.42905000,0.00000000,1514479439999,0.00000000,0,0.00000000,0.00000000
1514479440000,0.42905000,0.42905000,0.42905000,0.42905000,0.00000000,1514479499999,0.00000000,0,0.00000000,0.00000000
1514479500000,0.42905000,0.42905000,0.42905000,0.42905000,0.00000000,1514479559999,0.00000000,0,0.00000000,0.00000000
1514479560000,0.42905000,0.42905000,0.42905000,0.42905000,0.00000000,1514479619999,0.00000000,0,0.00000000,0.00000000
1514479620000,0.42905000,0.42905000,0.42905000,0.42905000,0.00000000,1514479679999,0.00000000,0,0.00000000,0.00000000
1514479680000,0.42905000,0.42905000,0.42905000,0.42905000,0.00000000,1514479739999,0.00000000,0,0.00000000,0.00000000
1514479740000,0.42905000,0.42905000,0.42905000,0.42905000,0.00000000,1514479799999,0.00000000,0,0.00000000,0.00000000
1514479800000,0.42905000,0.42905000,0.42905000,0.42905000,0.00000000,1514479859999,0.00000000,0,0.00000000,0.00000000
1514479860000,0.42905000,0.42905000,0.42905000,0.42905000,0.00000000,1514479919999,0.00000000,0,0.00000000,0.00000000
1514479920000,0.42905000,0.42905000,0.42905000,0.42905000,0.00000000,1514479979999,0.00000000,0,0.00000000,0.00000000
1514479980000,0.42905000,0.42905000,0.42905000,0.42905000,0.00000000,1514480039999,0.00000000,0,0.00000000,0.00000000
1514480040000,0.42905000,0.42905000,0.42905000,0.42905000,0.00000000,1514480099999,0.00000000,0,0.00000000,0.00000000
1514480100000,0.42905000,0.42905000,0.42905000,0.42905000,0.00000000,1514480159999,0.00000000,0,0.00000000,0.00000000
1514480160000,0.42905000,0.42905000,0.42905000,0.42905000,0.00000000,1514480219999,0.00000000,0,0.00000000,0.00000000
1514480220000,0.42905000,0.42905000,0.42905000,0.42905000,0.00000000,1514480279999,0.00000000,0,0.00000000,0.00000000
1514480280000,0.42905000,0.42905000,0.42905000,0.42905000,0.00000000,1514480339999,0.00000000,0,0.00000000,0.00000000
1514480340000,0.42905000,0.42905000,0.42905000,0.42905000,0.00000000,1514480399999,0.00000000,0,0.00000000,0.00000000
1514480400000,0.42905000,0.42905000,0.42905000,0.42905000,0.00000000,1514480459999,0.00000000,0,0.00000000,0.00000000
1514480460000,0.42905000,0.42905000,0.42905000,0.42905000,0.00000000,1514480519999,0.00000000,0,0.00000000,0.00000000
1514480520000,0.45300000,0.45300000,0.45300000,0.45300000,4.00000000,1514480579999,1.81200000,1,4.00000000,1.81200000
1514480580000,0.45300000,0.45300000,0.45300000,0.45300000,0.00000000,1514480639999,0.00000000,0,0.00000000,0.00000000
1514480640000,0.45300000,0.45300000,0.45300000,0.45300000,0.00000000,1514480699999,0.00000000,0,0.00000000,0.00000000
1514480700000,0.45300000,0.45300000,0.45300000,0.45300000,0.00000000,1514480759999,0.00000000,0,0.00000000,0.00000000
1514480760000,0.45300000,0.45300000,0.45300000,0.45300000,5.00000000,1514480819999,2.26500000,1,5.00000000,2.26500000
1514480820000,0.45300000,0.45300000,0.45300000,0.45300000,0.00000000,1514480879999,0.00000000,0,0.00000000,0.00000000
1514480880000,0.45300000,0.45300000,0.45300000,0.45300000,0.00000000,1514480939999,0.00000000,0,0.00000000,0.00000000
1514480940000,0.45300000,0.45300000,0.45300000,0.45300000,0.00000000,1514480999999,0.00000000,0,0.00000000,0.00000000
1514481000000,0.45300000,0.45300000,0.45300000,0.45300000,0.00000000,1514481059999,0.00000000,0,0.00000000,0.00000000
1514481060000,0.45300000,0.45300000,0.45300000,0.45300000,0.00000000,1514481119999,0.00000000,0,0.00000000,0.00000000
1514481120000,0.45300000,0.45300000,0.45300000,0.45300000,0.00000000,1514481179999,0.00000000,0,0.00000000,0.00000000
1514481180000,0.45300000,0.45300000,0.45300000,0.45300000,0.00000000,1514481239999,0.00000000,0,0.00000000,0.00000000
1514481240000,0.45300000,0.45300000,0.45300000,0.45300000,0.00000000,1514481299999,0.00000000,0,0.00000000,0.00000000
1514481300000,0.45300000,0.45300000,0.45300000,0.45300000,0.00000000,1514481359999,0.00000000,0,0.00000000,0.00000000
1514481360000,0.45300000,0.45300000,0.45300000,0.45300000,0.00000000,1514481419999,0.00000000,0,0.00000000,0.00000000
1514481420000,0.45300000,0.45300000,0.45300000,0.45300000,0.00000000,1514481479999,0.00000000,0,0.00000000,0.00000000
1514481480000,0.45300000,0.45300000,0.45300000,0.45300000,0.00000000,1514481539999,0.00000000,0,0.00000000,0.00000000
1514481540000,0.45300000,0.45300000,0.45300000,0.45300000,0.00000000,1514481599999,0.00000000,0,0.00000000,0.00000000
1514481600000,0.45300000,0.45300000,0.45300000,0.45300000,0.00000000,1514481659999,0.00000000,0,0.00000000,0.00000000
1514481660000,0.45300000,0.45300000,0.45300000,0.45300000,0.00000000,1514481719999,0.00000000,0,0.00000000,0.00000000
1514481720000,0.45300000,0.45300000,0.45300000,0.45300000,0.00000000,1514481779999,0.00000000,0,0.00000000,0.00000000
1514481780000,0.45300000,0.45300000,0.45300000,0.45300000,0.00000000,1514481839999,0.00000000,0,0.00000000,0.00000000
1514481840000,0.45300000,0.45300000,0.45300000,0.45300000,0.00000000,1514481899999,0.00000000,0,0.00000000,0.00000000
1514481900000,0.45228000,0.45228000,0.45228000,0.45228000,2.30000000,1514481959999,1.04024400,1,2.30000000,1.04024400
1514481960000,0.45228000,0.45228000,0.45228000,0.45228000,0.00000000,1514482019999,0.00000000,0,0.00000000,0.00000000
1514482020000,0.45228000,0.45228000,0.45228000,0.45228000,0.00000000,1514482079999,0.00000000,0,0.00000000,0.00000000
1514482080000,0.45228000,0.45228000,0.45228000,0.45228000,0.00000000,1514482139999,0.00000000,0,0.00000000,0.00000000
1514482140000,0.45228000,0.45228000,0.45228000,0.45228000,0.00000000,1514482199999,0.00000000,0,0.00000000,0.00000000
1514482200000,0.45228000,0.45228000,0.45228000,0.45228000,0.00000000,1514482259999,0.00000000,0,0.00000000,0.00000000
1514482260000,0.45228000,0.45228000,0.45228000,0.45228000,0.00000000,1514482319999,0.00000000,0,0.00000000,0.00000000
1514482320000,0.42890000,0.42890000,0.42890000,0.42890000,4.54000000,1514482379999,1.94720600,1,0.00000000,0.00000000
1514482380000,0.42890000,0.42890000,0.42890000,0.42890000,0.00000000,1514482439999,0.00000000,0,0.00000000,0.00000000
1514482440000,0.42890000,0.42890000,0.42890000,0.42890000,0.00000000,1514482499999,0.00000000,0,0.00000000,0.00000000
1514482500000,0.44944000,0.44944000,0.44944000,0.44944000,20.00000000,1514482559999,8.98880000,1,20.00000000,8.98880000
1514482560000,0.44944000,0.44944000,0.44944000,0.44944000,0.00000000,1514482619999,0.00000000,0,0.00000000,0.00000000
1514482620000,0.44944000,0.44944000,0.44944000,0.44944000,0.00000000,1514482679999,0.00000000,0,0.00000000,0.00000000
1514482680000,0.44944000,0.44944000,0.44944000,0.44944000,0.00000000,1514482739999,0.00000000,0,0.00000000,0.00000000
1514482740000,0.44891000,0.44891000,0.44891000,0.44891000,4.42000000,1514482799999,1.98418220,1,4.42000000,1.98418220
1514482800000,0.44891000,0.44891000,0.44891000,0.44891000,0.00000000,1514482859999,0.00000000,0,0.00000000,0.00000000
1514482860000,0.44891000,0.44891000,0.44891000,0.44891000,0.00000000,1514482919999,0.00000000,0,0.00000000,0.00000000
1514482920000,0.44149000,0.44149000,0.44149000,0.44149000,5.00000000,1514482979999,2.20745000,1,5.00000000,2.20745000
1514482980000,0.44149000,0.44149000,0.44149000,0.44149000,0.00000000,1514483039999,0.00000000,0,0.00000000,0.00000000
1514483040000,0.44099000,0.44099000,0.44099000,0.44099000,5.98000000,1514483099999,2.63712020,2,5.98000000,2.63712020
1514483100000,0.44099000,0.44099000,0.44099000,0.44099000,0.00000000,1514483159999,0.00000000,0,0.00000000,0.00000000
1514483160000,0.44099000,0.45299000,0.44099000,0.44891000,24.02000000,1514483219999,10.84731100,3,22.16000000,10.01233840
1514483220000,0.42891000,0.42891000,0.42890000,0.42890000,500.19000000,1514483279999,214.53159550,3,0.00000000,0.00000000
1514483280000,0.42890000,0.42890000,0.42890000,0.42890000,0.00000000,1514483339999,0.00000000,0,0.00000000,0.00000000
1514483340000,0.42890000,0.42890000,0.42890000,0.42890000,0.00000000,1514483399999,0.00000000,0,0.00000000,0.00000000
1514483400000,0.42890000,0.42890000,0.42890000,0.42890000,9.99000000,1514483459999,4.28471100,1,0.00000000,0.00000000
1514483460000,0.42890000,0.42890000,0.42890000,0.42890000,0.00000000,1514483519999,0.00000000,0,0.00000000,0.00000000
1514483520000,0.42890000,0.42890000,0.42890000,0.42890000,0.00000000,1514483579999,0.00000000,0,0.00000000,0.00000000
1514483580000,0.42890000,0.42890000,0.42890000,0.42890000,0.00000000,1514483639999,0.00000000,0,0.00000000,0.00000000
1514483640000,0.44850000,0.44850000,0.44850000,0.44850000,0.57000000,1514483699999,0.25564500,1,0.57000000,0.25564500
1514483700000,0.44850000,0.44850000,0.44850000,0.44850000,0.00000000,1514483759999,0.00000000,0,0.00000000,0.00000000
1514483760000,0.44837000,0.44837000,0.44837000,0.44837000,7.00000000,1514483819999,3.13859000,1,7.00000000,3.13859000
1514483820000,0.44837000,0.44837000,0.44837000,0.44837000,0.00000000,1514483879999,0.00000000,0,0.00000000,0.00000000
1514483880000,0.44837000,0.44837000,0.44837000,0.44837000,0.00000000,1514483939999,0.00000000,0,0.00000000,0.00000000
1514483940000,0.44837000,0.44837000,0.44837000,0.44837000,0.00000000,1514483999999,0.00000000,0,0.00000000,0.00000000
1514484000000,0.44815000,0.44815000,0.44815000,0.44815000,38.00000000,1514484059999,17.02970000,1,38.00000000,17.02970000
1514484060000,0.42896000,0.42896000,0.42890000,0.42890000,51.06000000,1514484119999,21.89981520,2,0.00000000,0.00000000
1514484120000,0.42890000,0.42890000,0.42890000,0.42890000,0.00000000,1514484179999,0.00000000,0,0.00000000,0.00000000
1514484180000,0.42890000,0.42890000,0.42890000,0.42890000,0.00000000,1514484239999,0.00000000,0,0.00000000,0.00000000
1514484240000,0.42890000,0.42890000,0.42890000,0.42890000,0.00000000,1514484299999,0.00000000,0,0.00000000,0.00000000
1514484300000,0.42890000,0.42890000,0.42890000,0.42890000,0.00000000,1514484359999,0.00000000,0,0.00000000,0.00000000
1514484360000,0.42890000,0.42890000,0.42890000,0.42890000,0.00000000,1514484419999,0.00000000,0,0.00000000,0.00000000
1514484420000,0.42890000,0.42890000,0.42890000,0.42890000,0.00000000,1514484479999,0.00000000,0,0.00000000,0.00000000
1514484480000,0.42890000,0.42890000,0.42890000,0.42890000,0.00000000,1514484539999,0.00000000,0,0.00000000,0.00000000
1514484540000,0.42890000,0.42890000,0.42890000,0.42890000,0.00000000,1514484599999,0.00000000,0,0.00000000,0.00000000
1514484600000,0.42890000,0.42890000,0.42890000,0.42890000,1467.25000000,1514484659999,629.30352500,1,0.00000000,0.00000000
1514484660000,0.42500000,0.42899000,0.42500000,0.42500000,152.17000000,1514484719999,64.82015930,6,37.07000000,15.90265930
1514484720000,0.42898000,0.42900000,0.42898000,0.42900000,783.08000000,1514484779999,335.93446620,3,783.08000000,335.93446620
1514484780000,0.42900000,0.42900000,0.42900000,0.42900000,0.00000000,1514484839999,0.00000000,0,0.00000000,0.00000000
1514484840000,0.42900000,0.42900000,0.42900000,0.42900000,24.00000000,1514484899999,10.29600000,2,0.00000000,0.00000000
1514484900000,0.42001000,0.42300000,0.42000000,0.42300000,535.52000000,1514484959999,225.02861750,5,31.10000000,13.06200000
1514484960000,0.42300000,0.42300000,0.42300000,0.42300000,0.00000000,1514485019999,0.00000000,0,0.00000000,0.00000000
1514485020000,0.42300000,0.42300000,0.42300000,0.42300000,0.00000000,1514485079999,0.00000000,0,0.00000000,0.00000000
1514485080000,0.42000000,0.42000000,0.41999000,0.41999000,863.00000000,1514485139999,362.45985000,8,863.00000000,362.45985000
1514485140000,0.42499000,0.42901000,0.42499000,0.42499000,971.42000000,1514485199999,413.17192640,19,932.92000000,396.67538140
1514485200000,0.42499000,0.42499000,0.42499000,0.42499000,0.00000000,1514485259999,0.00000000,0,0.00000000,0.00000000
1514485260000,0.42499000,0.42499000,0.42499000,0.42499000,10.00000000,1514485319999,4.24990000,1,10.00000000,4.24990000
1514485320000,0.42499000,0.42500000,0.42499000,0.42500000,52.70000000,1514485379999,22.39747300,5,50.16000000,21.31799840
1514485380000,0.42500000,0.42500000,0.42500000,0.42500000,0.00000000,1514485439999,0.00000000,0,0.00000000,0.00000000
1514485440000,0.42501000,0.42501000,0.41505000,0.42497000,53.85000000,1514485499999,22.67384430,7,9.00000000,3.82473000
1514485500000,0.42497000,0.42500000,0.42497000,0.42498000,111.53000000,1514485559999,47.39983830,7,101.68000000,43.21378530
1514485560000,0.42499000,0.42499000,0.42499000,0.42499000,79.89000000,1514485619999,33.95245110,2,79.89000000,33.95245110
1514485620000,0.42499000,0.42500000,0.42499000,0.42500000,409.64000000,1514485679999,174.09452020,16,407.40000000,173.14252020
1514485680000,0.42500000,0.42500000,0.42500000,0.42500000,3.00000000,1514485739999,1.27500000,1,0.00000000,0.00000000
1514485740000,0.42500000,0.42500000,0.42500000,0.42500000,0.00000000,1514485799999,0.00000000,0,0.00000000,0.00000000
1514485800000,0.41506000,0.41506000,0.41506000,0.41506000,10.00000000,1514485859999,4.15060000,1,0.00000000,0.00000000
1514485860000,0.41506000,0.41506000,0.41506000,0.41506000,0.00000000,1514485919999,0.00000000,0,0.00000000,0.00000000
1514485920000,0.41506000,0.41506000,0.41506000,0.41506000,0.00000000,1514485979999,0.00000000,0,0.00000000,0.00000000
1514485980000,0.41506000,0.41506000,0.41506000,0.41506000,0.00000000,1514486039999,0.00000000,0,0.00000000,0.00000000
1514486040000,0.41506000,0.41506000,0.41506000,0.41506000,0.00000000,1514486099999,0.00000000,0,0.00000000,0.00000000
1514486100000,0.42499000,0.42499000,0.42499000,0.42499000,9.00000000,1514486159999,3.82491000,1,9.00000000,3.82491000
1514486160000,0.42499000,0.42500000,0.42499000,0.42500000,250.85000000,1514486219999,106.61124150,7,250.85000000,106.61124150
1514486220000,0.42500000,0.42500000,0.42500000,0.42500000,0.00000000,1514486279999,0.00000000,0,0.00000000,0.00000000
1514486280000,0.42500000,0.42500000,0.42500000,0.42500000,0.00000000,1514486339999,0.00000000,0,0.00000000,0.00000000
1514486340000,0.41506000,0.41506000,0.40890000,0.40890000,75.00000000,1514486399999,30.75334060,3,0.00000000,0.00000000
1514486400000,0.40890000,0.40890000,0.40890000,0.40890000,0.00000000,1514486459999,0.00000000,0,0.00000000,0.00000000
1514486460000,0.40890000,0.40890000,0.40890000,0.40890000,0.00000000,1514486519999,0.00000000,0,0.00000000,0.00000000
1514486520000,0.40890000,0.40890000,0.40890000,0.40890000,0.00000000,1514486579999,0.00000000,0,0.00000000,0.00000000
1514486580000,0.40890000,0.40890000,0.40890000,0.40890000,0.00000000,1514486639999,0.00000000,0,0.00000000,0.00000000
1514486640000,0.40890000,0.40890000,0.40890000,0.40890000,0.00000000,1514486699999,0.00000000,0,0.00000000,0.00000000
1514486700000,0.40890000,0.40890000,0.40890000,0.40890000,0.00000000,1514486759999,0.00000000,0,0.00000000,0.00000000
1514486760000,0.41000000,0.41000000,0.40890000,0.40890000,19.21000000,1514486819999,7.87252500,4,0.00000000,0.00000000
1514486820000,0.40890000,0.40890000,0.40890000,0.40890000,0.00000000,1514486879999,0.00000000,0,0.00000000,0.00000000
1514486880000,0.40890000,0.40890000,0.40890000,0.40890000,0.00000000,1514486939999,0.00000000,0,0.00000000,0.00000000
1514486940000,0.40890000,0.40890000,0.40890000,0.40890000,4.64000000,1514486999999,1.89729600,1,0.00000000,0.00000000
1514487000000,0.40890000,0.40890000,0.40890000,0.40890000,0.00000000,1514487059999,0.00000000,0,0.00000000,0.00000000
1514487060000,0.40890000,0.40890000,0.40890000,0.40890000,0.00000000,1514487119999,0.00000000,0,0.00000000,0.00000000
1514487120000,0.40890000,0.40890000,0.40890000,0.40890000,0.00000000,1514487179999,0.00000000,0,0.00000000,0.00000000
1514487180000,0.40890000,0.40890000,0.40890000,0.40890000,0.00000000,1514487239999,0.00000000,0,0.00000000,0.00000000
1514487240000,0.40890000,0.40890000,0.40890000,0.40890000,0.00000000,1514487299999,0.00000000,0,0.00000000,0.00000000
1514487300000,0.42985000,0.42985000,0.40990000,0.40990000,13.15000000,1514487359999,5.58968500,2,10.00000000,4.29850000
1514487360000,0.41982000,0.42981000,0.40994000,0.42981000,18.76000000,1514487419999,7.94871320,12,8.76000000,3.76513560
1514487420000,0.42981000,0.42981000,0.42981000,0.42981000,0.00000000,1514487479999,0.00000000,0,0.00000000,0.00000000
1514487480000,0.42981000,0.42981000,0.42981000,0.42981000,0.00000000,1514487539999,0.00000000,0,0.00000000,0.00000000
1514487540000,0.42981000,0.42981000,0.42981000,0.42981000,0.00000000,1514487599999,0.00000000,0,0.00000000,0.00000000
1514487600000,0.42981000,0.42981000,0.42981000,0.42981000,0.00000000,1514487659999,0.00000000,0,0.00000000,0.00000000
1514487660000,0.42981000,0.42981000,0.42981000,0.42981000,0.00000000,1514487719999,0.00000000,0,0.00000000,0.00000000
1514487720000,0.42945000,0.42945000,0.42945000,0.42945000,36.00000000,1514487779999,15.46020000,1,36.00000000,15.46020000
1514487780000,0.42946000,0.43998000,0.42946000,0.43998000,146.04000000,1514487839999,63.48868580,3,146.04000000,63.48868580
1514487840000,0.43998000,0.43998000,0.43998000,0.43998000,0.00000000,1514487899999,0.00000000,0,0.00000000,0.00000000
1514487900000,0.43998000,0.43998000,0.43998000,0.43998000,0.00000000,1514487959999,0.00000000,0,0.00000000,0.00000000
1514487960000,0.43998000,0.43998000,0.43998000,0.43998000,0.00000000,1514488019999,0.00000000,0,0.00000000,0.00000000
1514488020000,0.43998000,0.43998000,0.43998000,0.43998000,0.00000000,1514488079999,0.00000000,0,0.00000000,0.00000000
1514488080000,0.43998000,0.43998000,0.43998000,0.43998000,0.00000000,1514488139999,0.00000000,0,0.00000000,0.00000000
1514488140000,0.43998000,0.43998000,0.43998000,0.43998000,0.00000000,1514488199999,0.00000000,0,0.00000000,0.00000000
1514488200000,0.41007000,0.41007000,0.41007000,0.41007000,7.07000000,1514488259999,2.89919490,1,0.00000000,0.00000000
1514488260000,0.41007000,0.41007000,0.41007000,0.41007000,0.00000000,1514488319999,0.00000000,0,0.00000000,0.00000000
1514488320000,0.41007000,0.41007000,0.41007000,0.41007000,0.00000000,1514488379999,0.00000000,0,0.00000000,0.00000000
1514488380000,0.41007000,0.41007000,0.41007000,0.41007000,0.00000000,1514488439999,0.00000000,0,0.00000000,0.00000000
1514488440000,0.41007000,0.41007000,0.41007000,0.41007000,0.00000000,1514488499999,0.00000000,0,0.00000000,0.00000000
1514488500000,0.41007000,0.41007000,0.41007000,0.41007000,0.00000000,1514488559999,0.00000000,0,0.00000000,0.00000000
1514488560000,0.41007000,0.41007000,0.41007000,0.41007000,0.00000000,1514488619999,0.00000000,0,0.00000000,0.00000000
1514488620000,0.41007000,0.41007000,0.41007000,0.41007000,0.00000000,1514488679999,0.00000000,0,0.00000000,0.00000000
1514488680000,0.41007000,0.41007000,0.41007000,0.41007000,0.00000000,1514488739999,0.00000000,0,0.00000000,0.00000000
1514488740000,0.41007000,0.41007000,0.41007000,0.41007000,0.00000000,1514488799999,0.00000000,0,0.00000000,0.00000000
1514488800000,0.41007000,0.41007000,0.41007000,0.41007000,0.00000000,1514488859999,0.00000000,0,0.00000000,0.00000000
1514488860000,0.41007000,0.41007000,0.41007000,0.41007000,0.00000000,1514488919999,0.00000000,0,0.00000000,0.00000000
1514488920000,0.41007000,0.41007000,0.41007000,0.41007000,0.00000000,1514488979999,0.00000000,0,0.00000000,0.00000000
1514488980000,0.41007000,0.41007000,0.41007000,0.41007000,0.00000000,1514489039999,0.00000000,0,0.00000000,0.00000000
1514489040000,0.41007000,0.41007000,0.41007000,0.41007000,0.00000000,1514489099999,0.00000000,0,0.00000000,0.00000000
1514489100000,0.41007000,0.41007000,0.41007000,0.41007000,0.00000000,1514489159999,0.00000000,0,0.00000000,0.00000000
1514489160000,0.41007000,0.41007000,0.41007000,0.41007000,0.00000000,1514489219999,0.00000000,0,0.00000000,0.00000000
1514489220000,0.41007000,0.41007000,0.41007000,0.41007000,0.00000000,1514489279999,0.00000000,0,0.00000000,0.00000000
1514489280000,0.41007000,0.41007000,0.41007000,0.41007000,0.00000000,1514489339999,0.00000000,0,0.00000000,0.00000000
1514489340000,0.41007000,0.41007000,0.41007000,0.41007000,0.00000000,1514489399999,0.00000000,0,0.00000000,0.00000000
1514489400000,0.41007000,0.41007000,0.41007000,0.41007000,0.00000000,1514489459999,0.00000000,0,0.00000000,0.00000000
1514489460000,0.41007000,0.41007000,0.41007000,0.41007000,0.00000000,1514489519999,0.00000000,0,0.00000000,0.00000000
1514489520000,0.41007000,0.41007000,0.41007000,0.41007000,0.00000000,1514489579999,0.00000000,0,0.00000000,0.00000000
1514489580000,0.41007000,0.41007000,0.41007000,0.41007000,0.00000000,1514489639999,0.00000000,0,0.00000000,0.00000000
1514489640000,0.41007000,0.41007000,0.41007000,0.41007000,0.00000000,1514489699999,0.00000000,0,0.00000000,0.00000000
1514489700000,0.43996000,0.43996000,0.43995000,0.43995000,104.00000000,1514489759999,45.75579000,2,104.00000000,45.75579000
1514489760000,0.43995000,0.43995000,0.43995000,0.43995000,0.00000000,1514489819999,0.00000000,0,0.00000000,0.00000000
1514489820000,0.43996000,0.43998000,0.43996000,0.43998000,6.78000000,1514489879999,2.98304880,2,6.78000000,2.98304880
1514489880000,0.43998000,0.43998000,0.43998000,0.43998000,0.00000000,1514489939999,0.00000000,0,0.00000000,0.00000000
1514489940000,0.43998000,0.43998000,0.43998000,0.43998000,0.00000000,1514489999999,0.00000000,0,0.00000000,0.00000000
1514490000000,0.43998000,0.43998000,0.43998000,0.43998000,0.00000000,1514490059999,0.00000000,0,0.00000000,0.00000000
1514490060000,0.43999000,0.43999000,0.43998000,0.43998000,33.00000000,1514490119999,14.51945530,3,0.00000000,0.00000000
1514490120000,0.43998000,0.43998000,0.43998000,0.43998000,0.00000000,1514490179999,0.00000000,0,0.00000000,0.00000000
1514490180000,0.43998000,0.43998000,0.43998000,0.43998000,0.00000000,1514490239999,0.00000000,0,0.00000000,0.00000000
1514490240000,0.43999000,0.43999000,0.43998000,0.43998000,20.99000000,1514490299999,9.23520480,2,0.00000000,0.00000000
1514490300000,0.43997000,0.43997000,0.43997000,0.43997000,63.00000000,1514490359999,27.71811000,3,0.00000000,0.00000000
1514490360000,0.43997000,0.43997000,0.43997000,0.43997000,0.00000000,1514490419999,0.00000000,0,0.00000000,0.00000000
1514490420000,0.43997000,0.43997000,0.43997000,0.43997000,0.00000000,1514490479999,0.00000000,0,0.00000000,0.00000000
1514490480000,0.43997000,0.43997000,0.43997000,0.43997000,0.00000000,1514490539999,0.00000000,0,0.00000000,0.00000000
1514490540000,0.43997000,0.43997000,0.43997000,0.43997000,0.00000000,1514490599999,0.00000000,0,0.00000000,0.00000000
1514490600000,0.43997000,0.43997000,0.43997000,0.43997000,0.00000000,1514490659999,0.00000000,0,0.00000000,0.00000000
1514490660000,0.43997000,0.43997000,0.43997000,0.43997000,0.00000000,1514490719999,0.00000000,0,0.00000000,0.00000000
1514490720000,0.43995000,0.43995000,0.43995000,0.43995000,5.00000000,1514490779999,2.19975000,1,5.00000000,2.19975000
1514490780000,0.43995000,0.43995000,0.43995000,0.43995000,0.00000000,1514490839999,0.00000000,0,0.00000000,0.00000000
1514490840000,0.43995000,0.43995000,0.43995000,0.43995000,0.00000000,1514490899999,0.00000000,0,0.00000000,0.00000000
1514490900000,0.43995000,0.43995000,0.43995000,0.43995000,0.00000000,1514490959999,0.00000000,0,0.00000000,0.00000000
1514490960000,0.43995000,0.43995000,0.43995000,0.43995000,0.00000000,1514491019999,0.00000000,0,0.00000000,0.00000000
1514491020000,0.43995000,0.43995000,0.43995000,0.43995000,0.00000000,1514491079999,0.00000000,0,0.00000000,0.00000000
1514491080000,0.41209000,0.41209000,0.41209000,0.41209000,2.92000000,1514491139999,1.20330280,1,0.00000000,0.00000000
1514491140000,0.41209000,0.41209000,0.41209000,0.41209000,0.00000000,1514491199999,0.00000000,0,0.00000000,0.00000000
1514491200000,0.41216000,0.41216000,0.41215000,0.41215000,65.82000000,1514491259999,27.12775550,2,0.00000000,0.00000000
1514491260000,0.44879000,0.44879000,0.44879000,0.44879000,1.00000000,1514491319999,0.44879000,1,1.00000000,0.44879000
1514491320000,0.44879000,0.44879000,0.44879000,0.44879000,0.00000000,1514491379999,0.00000000,0,0.00000000,0.00000000
1514491380000,0.44879000,0.44879000,0.44879000,0.44879000,0.00000000,1514491439999,0.00000000,0,0.00000000,0.00000000
1514491440000,0.44879000,0.44879000,0.44879000,0.44879000,0.00000000,1514491499999,0.00000000,0,0.00000000,0.00000000
1514491500000,0.44879000,0.44879000,0.44879000,0.44879000,0.00000000,1514491559999,0.00000000,0,0.00000000,0.00000000
1514491560000,0.44879000,0.44879000,0.44879000,0.44879000,0.00000000,1514491619999,0.00000000,0,0.00000000,0.00000000
1514491620000,0.44879000,0.44879000,0.44879000,0.44879000,0.00000000,1514491679999,0.00000000,0,0.00000000,0.00000000
1514491680000,0.44879000,0.44879000,0.44879000,0.44879000,0.00000000,1514491739999,0.00000000,0,0.00000000,0.00000000
1514491740000,0.44879000,0.44879000,0.44879000,0.44879000,0.00000000,1514491799999,0.00000000,0,0.00000000,0.00000000
1514491800000,0.44879000,0.44879000,0.44879000,0.44879000,0.00000000,1514491859999,0.00000000,0,0.00000000,0.00000000
1514491860000,0.44198000,0.44198000,0.44198000,0.44198000,13.14000000,1514491919999,5.80761720,1,13.14000000,5.80761720
1514491920000,0.44198000,0.44198000,0.44198000,0.44198000,0.00000000,1514491979999,0.00000000,0,0.00000000,0.00000000
1514491980000,0.44198000,0.44198000,0.44198000,0.44198000,0.00000000,1514492039999,0.00000000,0,0.00000000,0.00000000
1514492040000,0.44198000,0.44198000,0.44198000,0.44198000,0.00000000,1514492099999,0.00000000,0,0.00000000,0.00000000
1514492100000,0.43000000,0.43000000,0.43000000,0.43000000,100.51000000,1514492159999,43.21930000,4,100.51000000,43.21930000
1514492160000,0.43798000,0.43798000,0.43798000,0.43798000,0.09000000,1514492219999,0.03941820,1,0.09000000,0.03941820
1514492220000,0.43798000,0.43798000,0.43798000,0.43798000,0.09000000,1514492279999,0.03941820,1,0.09000000,0.03941820
1514492280000,0.43798000,0.43798000,0.43798000,0.43798000,0.00000000,1514492339999,0.00000000,0,0.00000000,0.00000000
1514492340000,0.43798000,0.43798000,0.43798000,0.43798000,0.00000000,1514492399999,0.00000000,0,0.00000000,0.00000000
1514492400000,0.43798000,0.43798000,0.43798000,0.43798000,0.00000000,1514492459999,0.00000000,0,0.00000000,0.00000000
1514492460000,0.43798000,0.43798000,0.43798000,0.43798000,0.00000000,1514492519999,0.00000000,0,0.00000000,0.00000000
1514492520000,0.43798000,0.43798000,0.43798000,0.43798000,0.00000000,1514492579999,0.00000000,0,0.00000000,0.00000000
1514492580000,0.43798000,0.43798000,0.43798000,0.43798000,0.00000000,1514492639999,0.00000000,0,0.00000000,0.00000000
1514492640000,0.43798000,0.43798000,0.43798000,0.43798000,0.00000000,1514492699999,0.00000000,0,0.00000000,0.00000000
1514492700000,0.43798000,0.43798000,0.43798000,0.43798000,0.00000000,1514492759999,0.00000000,0,0.00000000,0.00000000
1514492760000,0.43798000,0.43798000,0.43798000,0.43798000,0.00000000,1514492819999,0.00000000,0,0.00000000,0.00000000
1514492820000,0.43798000,0.43798000,0.43798000,0.43798000,0.00000000,1514492879999,0.00000000,0,0.00000000,0.00000000
1514492880000,0.43798000,0.43798000,0.43798000,0.43798000,0.00000000,1514492939999,0.00000000,0,0.00000000,0.00000000
1514492940000,0.43798000,0.43798000,0.43798000,0.43798000,0.00000000,1514492999999,0.00000000,0,0.00000000,0.00000000
1514493000000,0.43798000,0.43798000,0.43798000,0.43798000,0.00000000,1514493059999,0.00000000,0,0.00000000,0.00000000
1514493060000,0.43798000,0.43798000,0.43798000,0.43798000,0.00000000,1514493119999,0.00000000,0,0.00000000,0.00000000
1514493120000,0.43798000,0.43798000,0.43798000,0.43798000,0.00000000,1514493179999,0.00000000,0,0.00000000,0.00000000
1514493180000,0.43798000,0.43798000,0.43798000,0.43798000,0.00000000,1514493239999,0.00000000,0,0.00000000,0.00000000
1514493240000,0.43798000,0.43798000,0.43798000,0.43798000,0.00000000,1514493299999,0.00000000,0,0.00000000,0.00000000
1514493300000,0.43724000,0.43724000,0.43724000,0.43724000,8.71000000,1514493359999,3.80836040,1,8.71000000,3.80836040
1514493360000,0.43724000,0.43724000,0.43724000,0.43724000,0.00000000,1514493419999,0.00000000,0,0.00000000,0.00000000
1514493420000,0.43724000,0.43724000,0.43724000,0.43724000,0.00000000,1514493479999,0.00000000,0,0.00000000,0.00000000
1514493480000,0.43724000,0.43724000,0.43724000,0.43724000,0.00000000,1514493539999,0.00000000,0,0.00000000,0.00000000
1514493540000,0.43724000,0.43724000,0.43724000,0.43724000,59.43000000,1514493599999,25.98517320,4,0.00000000,0.00000000
1514493600000,0.43724000,0.43724000,0.43724000,0.43724000,0.00000000,1514493659999,0.00000000,0,0.00000000,0.00000000
1514493660000,0.43724000,0.43724000,0.43724000,0.43724000,0.00000000,1514493719999,0.00000000,0,0.00000000,0.00000000
1514493720000,0.43724000,0.43724000,0.43724000,0.43724000,0.00000000,1514493779999,0.00000000,0,0.00000000,0.00000000
1514493780000,0.43724000,0.43724000,0.43724000,0.43724000,0.00000000,1514493839999,0.00000000,0,0.00000000,0.00000000
1514493840000,0.43724000,0.43724000,0.43724000,0.43724000,0.00000000,1514493899999,0.00000000,0,0.00000000,0.00000000
1514493900000,0.43724000,0.43724000,0.43724000,0.43724000,0.00000000,1514493959999,0.00000000,0,0.00000000,0.00000000
1514493960000,0.43724000,0.43724000,0.43724000,0.43724000,0.00000000,1514494019999,0.00000000,0,0.00000000,0.00000000
1514494020000,0.43724000,0.43724000,0.43724000,0.43724000,0.00000000,1514494079999,0.00000000,0,0.00000000,0.00000000
1514494080000,0.43724000,0.43724000,0.43724000,0.43724000,0.00000000,1514494139999,0.00000000,0,0.00000000,0.00000000
1514494140000,0.43724000,0.43724000,0.43724000,0.43724000,0.00000000,1514494199999,0.00000000,0,0.00000000,0.00000000
1514494200000,0.43724000,0.43724000,0.43724000,0.43724000,0.00000000,1514494259999,0.00000000,0,0.00000000,0.00000000
1514494260000,0.43724000,0.43724000,0.43724000,0.43724000,0.00000000,1514494319999,0.00000000,0,0.00000000,0.00000000
1514494320000,0.43724000,0.43724000,0.43724000,0.43724000,0.00000000,1514494379999,0.00000000,0,0.00000000,0.00000000
1514494380000,0.43724000,0.43724000,0.43724000,0.43724000,0.00000000,1514494439999,0.00000000,0,0.00000000,0.00000000
1514494440000,0.43724000,0.43724000,0.43724000,0.43724000,0.00000000,1514494499999,0.00000000,0,0.00000000,0.00000000
1514494500000,0.43724000,0.43724000,0.43724000,0.43724000,0.00000000,1514494559999,0.00000000,0,0.00000000,0.00000000
1514494560000,0.43724000,0.43724000,0.43724000,0.43724000,0.00000000,1514494619999,0.00000000,0,0.00000000,0.00000000
1514494620000,0.43724000,0.43724000,0.43724000,0.43724000,0.00000000,1514494679999,0.00000000,0,0.00000000,0.00000000
1514494680000,0.43724000,0.43724000,0.43724000,0.43724000,0.00000000,1514494739999,0.00000000,0,0.00000000,0.00000000
1514494740000,0.43724000,0.43724000,0.43724000,0.43724000,0.00000000,1514494799999,0.00000000,0,0.00000000,0.00000000
1514494800000,0.42017000,0.42017000,0.42017000,0.42017000,25.70000000,1514494859999,10.79836900,3,17.91000000,7.52524470
1514494860000,0.42017000,0.42017000,0.42017000,0.42017000,0.00000000,1514494919999,0.00000000,0,0.00000000,0.00000000
1514494920000,0.42022000,0.42022000,0.42022000,0.42022000,1.00000000,1514494979999,0.42022000,1,0.00000000,0.00000000
1514494980000,0.42022000,0.42022000,0.42022000,0.42022000,0.00000000,1514495039999,0.00000000,0,0.00000000,0.00000000
1514495040000,0.42022000,0.42022000,0.42022000,0.42022000,0.00000000,1514495099999,0.00000000,0,0.00000000,0.00000000
1514495100000,0.42022000,0.42022000,0.42022000,0.42022000,0.00000000,1514495159999,0.00000000,0,0.00000000,0.00000000
1514495160000,0.42022000,0.42022000,0.42022000,0.42022000,0.00000000,1514495219999,0.00000000,0,0.00000000,0.00000000
1514495220000,0.42022000,0.42022000,0.42022000,0.42022000,0.00000000,1514495279999,0.00000000,0,0.00000000,0.00000000
1514495280000,0.42022000,0.42022000,0.42022000,0.42022000,0.00000000,1514495339999,0.00000000,0,0.00000000,0.00000000
1514495340000,0.42022000,0.42022000,0.42022000,0.42022000,0.00000000,1514495399999,0.00000000,0,0.00000000,0.00000000
1514495400000,0.42022000,0.42022000,0.42022000,0.42022000,0.00000000,1514495459999,0.00000000,0,0.00000000,0.00000000
1514495460000,0.42022000,0.42022000,0.42022000,0.42022000,0.00000000,1514495519999,0.00000000,0,0.00000000,0.00000000
1514495520000,0.42022000,0.42022000,0.42022000,0.42022000,0.00000000,1514495579999,0.00000000,0,0.00000000,0.00000000
1514495580000,0.42022000,0.42022000,0.42022000,0.42022000,0.00000000,1514495639999,0.00000000,0,0.00000000,0.00000000
1514495640000,0.42022000,0.42022000,0.42022000,0.42022000,0.00000000,1514495699999,0.00000000,0,0.00000000,0.00000000
1514495700000,0.42022000,0.42022000,0.42022000,0.42022000,0.00000000,1514495759999,0.00000000,0,0.00000000,0.00000000
1514495760000,0.42022000,0.42022000,0.42022000,0.42022000,0.00000000,1514495819999,0.00000000,0,0.00000000,0.00000000
1514495820000,0.42022000,0.42022000,0.42022000,0.42022000,0.00000000,1514495879999,0.00000000,0,0.00000000,0.00000000
1514495880000,0.42022000,0.42022000,0.42022000,0.42022000,0.00000000,1514495939999,0.00000000,0,0.00000000,0.00000000
1514495940000,0.42022000,0.42022000,0.42022000,0.42022000,0.00000000,1514495999999,0.00000000,0,0.00000000,0.00000000
1514496000000,0.42022000,0.42022000,0.42022000,0.42022000,0.00000000,1514496059999,0.00000000,0,0.00000000,0.00000000
1514496060000,0.42022000,0.42022000,0.42022000,0.42022000,0.00000000,1514496119999,0.00000000,0,0.00000000,0.00000000
1514496120000,0.42022000,0.42022000,0.42022000,0.42022000,0.00000000,1514496179999,0.00000000,0,0.00000000,0.00000000
1514496180000,0.42022000,0.42022000,0.42022000,0.42022000,0.00000000,1514496239999,0.00000000,0,0.00000000,0.00000000
1514496240000,0.42022000,0.42022000,0.42022000,0.42022000,0.00000000,1514496299999,0.00000000,0,0.00000000,0.00000000
1514496300000,0.42022000,0.42022000,0.42022000,0.42022000,0.00000000,1514496359999,0.00000000,0,0.00000000,0.00000000
1514496360000,0.42022000,0.42022000,0.42022000,0.42022000,0.00000000,1514496419999,0.00000000,0,0.00000000,0.00000000
1514496420000,0.42022000,0.42022000,0.42022000,0.42022000,0.00000000,1514496479999,0.00000000,0,0.00000000,0.00000000
1514496480000,0.42022000,0.42022000,0.42022000,0.42022000,0.00000000,1514496539999,0.00000000,0,0.00000000,0.00000000
1514496540000,0.42022000,0.42022000,0.42022000,0.42022000,0.00000000,1514496599999,0.00000000,0,0.00000000,0.00000000
1514496600000,0.42022000,0.42022000,0.42022000,0.42022000,0.00000000,1514496659999,0.00000000,0,0.00000000,0.00000000
1514496660000,0.42022000,0.42022000,0.42022000,0.42022000,0.00000000,1514496719999,0.00000000,0,0.00000000,0.00000000
1514496720000,0.42022000,0.42022000,0.42022000,0.42022000,0.00000000,1514496779999,0.00000000,0,0.00000000,0.00000000
1514496780000,0.42022000,0.42022000,0.42022000,0.42022000,0.00000000,1514496839999,0.00000000,0,0.00000000,0.00000000
1514496840000,0.42022000,0.42022000,0.42022000,0.42022000,0.00000000,1514496899999,0.00000000,0,0.00000000,0.00000000
1514496900000,0.42022000,0.42022000,0.42022000,0.42022000,0.00000000,1514496959999,0.00000000,0,0.00000000,0.00000000
1514496960000,0.42022000,0.42022000,0.42022000,0.42022000,0.00000000,1514497019999,0.00000000,0,0.00000000,0.00000000
1514497020000,0.42022000,0.42022000,0.42022000,0.42022000,0.00000000,1514497079999,0.00000000,0,0.00000000,0.00000000
1514497080000,0.42022000,0.42022000,0.42022000,0.42022000,0.00000000,1514497139999,0.00000000,0,0.00000000,0.00000000
1514497140000,0.42022000,0.42022000,0.42022000,0.42022000,0.00000000,1514497199999,0.00000000,0,0.00000000,0.00000000
1514497200000,0.42022000,0.42022000,0.42022000,0.42022000,0.00000000,1514497259999,0.00000000,0,0.00000000,0.00000000
1514497260000,0.42022000,0.42022000,0.42022000,0.42022000,0.00000000,1514497319999,0.00000000,0,0.00000000,0.00000000
1514497320000,0.42022000,0.42022000,0.42022000,0.42022000,0.00000000,1514497379999,0.00000000,0,0.00000000,0.00000000
1514497380000,0.42022000,0.42022000,0.42022000,0.42022000,0.00000000,1514497439999,0.00000000,0,0.00000000,0.00000000
1514497440000,0.42022000,0.42022000,0.42022000,0.42022000,0.00000000,1514497499999,0.00000000,0,0.00000000,0.00000000
1514497500000,0.42022000,0.42022000,0.42022000,0.42022000,0.00000000,1514497559999,0.00000000,0,0.00000000,0.00000000
1514497560000,0.42022000,0.42022000,0.42022000,0.42022000,0.00000000,1514497619999,0.00000000,0,0.00000000,0.00000000
1514497620000,0.42022000,0.42022000,0.42022000,0.42022000,0.00000000,1514497679999,0.00000000,0,0.00000000,0.00000000
1514497680000,0.42022000,0.42022000,0.42022000,0.42022000,0.00000000,1514497739999,0.00000000,0,0.00000000,0.00000000
1514497740000,0.42022000,0.42022000,0.42022000,0.42022000,0.00000000,1514497799999,0.00000000,0,0.00000000,0.00000000
1514497800000,0.42022000,0.42022000,0.42022000,0.42022000,0.00000000,1514497859999,0.00000000,0,0.00000000,0.00000000
1514497860000,0.42022000,0.42022000,0.42022000,0.42022000,0.00000000,1514497919999,0.00000000,0,0.00000000,0.00000000
1514497920000,0.42022000,0.42022000,0.42022000,0.42022000,0.00000000,1514497979999,0.00000000,0,0.00000000,0.00000000
1514497980000,0.42022000,0.42022000,0.42022000,0.42022000,0.00000000,1514498039999,0.00000000,0,0.00000000,0.00000000
1514498040000,0.42022000,0.42022000,0.42022000,0.42022000,0.00000000,1514498099999,0.00000000,0,0.00000000,0.00000000
1514498100000,0.42022000,0.42022000,0.42022000,0.42022000,0.00000000,1514498159999,0.00000000,0,0.00000000,0.00000000
1514498160000,0.42022000,0.42022000,0.42022000,0.42022000,0.00000000,1514498219999,0.00000000,0,0.00000000,0.00000000
1514498220000,0.42500000,0.42500000,0.42500000,0.42500000,15.22000000,1514498279999,6.46850000,1,0.00000000,0.00000000
1514498280000,0.42500000,0.42500000,0.42500000,0.42500000,0.00000000,1514498339999,0.00000000,0,0.00000000,0.00000000
1514498340000,0.42500000,0.42500000,0.42500000,0.42500000,0.00000000,1514498399999,0.00000000,0,0.00000000,0.00000000
1514498400000,0.42500000,0.42500000,0.42500000,0.42500000,0.00000000,1514498459999,0.00000000,0,0.00000000,0.00000000
1514498460000,0.42500000,0.42500000,0.42500000,0.42500000,0.00000000,1514498519999,0.00000000,0,0.00000000,0.00000000
1514498520000,0.42500000,0.42500000,0.42500000,0.42500000,0.00000000,1514498579999,0.00000000,0,0.00000000,0.00000000
1514498580000,0.42500000,0.42500000,0.42500000,0.42500000,0.00000000,1514498639999,0.00000000,0,0.00000000,0.00000000
1514498640000,0.42500000,0.42500000,0.42500000,0.42500000,0.00000000,1514498699999,0.00000000,0,0.00000000,0.00000000
1514498700000,0.42500000,0.42500000,0.42500000,0.42500000,0.00000000,1514498759999,0.00000000,0,0.00000000,0.00000000
1514498760000,0.42500000,0.42500000,0.42500000,0.42500000,0.00000000,1514498819999,0.00000000,0,0.00000000,0.00000000
1514498820000,0.42500000,0.42500000,0.42500000,0.42500000,0.00000000,1514498879999,0.00000000,0,0.00000000,0.00000000
1514498880000,0.42500000,0.42500000,0.42500000,0.42500000,0.00000000,1514498939999,0.00000000,0,0.00000000,0.00000000
1514498940000,0.42500000,0.42500000,0.42500000,0.42500000,0.00000000,1514498999999,0.00000000,0,0.00000000,0.00000000
1514499000000,0.42500000,0.42500000,0.42500000,0.42500000,0.00000000,1514499059999,0.00000000,0,0.00000000,0.00000000
1514499060000,0.42500000,0.42500000,0.42500000,0.42500000,0.00000000,1514499119999,0.00000000,0,0.00000000,0.00000000
1514499120000,0.42500000,0.42500000,0.42500000,0.42500000,0.00000000,1514499179999,0.00000000,0,0.00000000,0.00000000
1514499180000,0.42500000,0.42500000,0.42500000,0.42500000,14.00000000,1514499239999,5.95000000,1,0.00000000,0.00000000
1514499240000,0.42500000,0.42500000,0.42500000,0.42500000,0.00000000,1514499299999,0.00000000,0,0.00000000,0.00000000
1514499300000,0.42500000,0.42500000,0.42500000,0.42500000,12.00000000,1514499359999,5.10000000,2,0.00000000,0.00000000
1514499360000,0.42500000,0.42500000,0.42500000,0.42500000,0.00000000,1514499419999,0.00000000,0,0.00000000,0.00000000
1514499420000,0.42500000,0.42500000,0.42500000,0.42500000,0.00000000,1514499479999,0.00000000,0,0.00000000,0.00000000
1514499480000,0.42500000,0.42500000,0.42500000,0.42500000,0.00000000,1514499539999,0.00000000,0,0.00000000,0.00000000
1514499540000,0.42501000,0.42503000,0.42501000,0.42503000,41.42000000,1514499599999,17.60437430,9,13.36000000,5.67840080
1514499600000,0.42503000,0.42503000,0.42503000,0.42503000,0.00000000,1514499659999,0.00000000,0,0.00000000,0.00000000
1514499660000,0.42503000,0.42503000,0.42503000,0.42503000,0.00000000,1514499719999,0.00000000,0,0.00000000,0.00000000
1514499720000,0.42503000,0.42503000,0.42503000,0.42503000,0.00000000,1514499779999,0.00000000,0,0.00000000,0.00000000
1514499780000,0.42503000,0.42503000,0.42503000,0.42503000,0.00000000,1514499839999,0.00000000,0,0.00000000,0.00000000
1514499840000,0.42503000,0.42503000,0.42503000,0.42503000,0.00000000,1514499899999,0.00000000,0,0.00000000,0.00000000
1514499900000,0.42503000,0.42503000,0.42503000,0.42503000,0.00000000,1514499959999,0.00000000,0,0.00000000,0.00000000
1514499960000,0.42516000,0.42516000,0.42516000,0.42516000,105.00000000,1514500019999,44.64180000,1,0.00000000,0.00000000
1514500020000,0.42516000,0.42516000,0.42516000,0.42516000,0.00000000,1514500079999,0.00000000,0,0.00000000,0.00000000
1514500080000,0.42518000,0.42518000,0.42518000,0.42518000,27.00000000,1514500139999,11.47986000,3,0.00000000,0.00000000
1514500140000,0.42518000,0.42518000,0.42518000,0.42518000,0.00000000,1514500199999,0.00000000,0,0.00000000,0.00000000
1514500200000,0.42519000,0.43064000,0.42519000,0.43064000,16.50000000,1514500259999,7.06675600,6,0.00000000,0.00000000
1514500260000,0.43063000,0.43063000,0.43063000,0.43063000,7.12000000,1514500319999,3.06608560,1,7.12000000,3.06608560
1514500320000,0.42519000,0.42519000,0.42503000,0.42503000,170.17000000,1514500379999,72.34290230,6,0.00000000,0.00000000
1514500380000,0.42503000,0.42503000,0.42500000,0.42500000,0.85000000,1514500439999,0.36127010,2,0.00000000,0.00000000
1514500440000,0.42500000,0.42500000,0.42500000,0.42500000,0.00000000,1514500499999,0.00000000,0,0.00000000,0.00000000
1514500500000,0.42500000,0.42500000,0.42500000,0.42500000,0.00000000,1514500559999,0.00000000,0,0.00000000,0.00000000
1514500560000,0.42500000,0.42500000,0.42500000,0.42500000,0.00000000,1514500619999,0.00000000,0,0.00000000,0.00000000
1514500620000,0.42500000,0.42500000,0.42500000,0.42500000,0.00000000,1514500679999,0.00000000,0,0.00000000,0.00000000
1514500680000,0.42500000,0.42500000,0.42500000,0.42500000,0.00000000,1514500739999,0.00000000,0,0.00000000,0.00000000
1514500740000,0.42500000,0.42500000,0.42500000,0.42500000,0.00000000,1514500799999,0.00000000,0,0.00000000,0.00000000
1514500800000,0.42500000,0.42500000,0.42500000,0.42500000,0.00000000,1514500859999,0.00000000,0,0.00000000,0.00000000
1514500860000,0.42499000,0.42499000,0.42499000,0.42499000,32.00000000,1514500919999,13.59968000,4,16.07000000,6.82958930
1514500920000,0.42499000,0.42499000,0.42499000,0.42499000,0.00000000,1514500979999,0.00000000,0,0.00000000,0.00000000
1514500980000,0.42499000,0.42499000,0.42499000,0.42499000,0.00000000,1514501039999,0.00000000,0,0.00000000,0.00000000
1514501040000,0.42499000,0.42499000,0.42499000,0.42499000,0.00000000,1514501099999,0.00000000,0,0.00000000,0.00000000
1514501100000,0.42499000,0.42499000,0.42499000,0.42499000,0.00000000,1514501159999,0.00000000,0,0.00000000,0.00000000
1514501160000,0.42499000,0.42499000,0.42499000,0.42499000,0.00000000,1514501219999,0.00000000,0,0.00000000,0.00000000
1514501220000,0.42499000,0.42499000,0.42499000,0.42499000,0.00000000,1514501279999,0.00000000,0,0.00000000,0.00000000
1514501280000,0.42499000,0.42499000,0.42499000,0.42499000,0.00000000,1514501339999,0.00000000,0,0.00000000,0.00000000
1514501340000,0.42499000,0.42499000,0.42499000,0.42499000,0.00000000,1514501399999,0.00000000,0,0.00000000,0.00000000
1514501400000,0.42499000,0.42499000,0.42499000,0.42499000,0.00000000,1514501459999,0.00000000,0,0.00000000,0.00000000
1514501460000,0.42499000,0.42499000,0.42499000,0.42499000,0.00000000,1514501519999,0.00000000,0,0.00000000,0.00000000
1514501520000,0.42498000,0.42498000,0.42498000,0.42498000,20.00000000,1514501579999,8.49960000,2,20.00000000,8.49960000
1514501580000,0.42498000,0.42498000,0.42498000,0.42498000,0.00000000,1514501639999,0.00000000,0,0.00000000,0.00000000
1514501640000,0.42498000,0.42498000,0.42498000,0.42498000,0.00000000,1514501699999,0.00000000,0,0.00000000,0.00000000
1514501700000,0.42498000,0.42498000,0.42498000,0.42498000,0.00000000,1514501759999,0.00000000,0,0.00000000,0.00000000
1514501760000,0.42498000,0.42498000,0.42498000,0.42498000,0.00000000,1514501819999,0.00000000,0,0.00000000,0.00000000
1514501820000,0.42498000,0.42498000,0.42498000,0.42498000,0.00000000,1514501879999,0.00000000,0,0.00000000,0.00000000
1514501880000,0.42498000,0.42498000,0.42498000,0.42498000,0.00000000,1514501939999,0.00000000,0,0.00000000,0.00000000
1514501940000,0.42498000,0.42498000,0.42498000,0.42498000,0.00000000,1514501999999,0.00000000,0,0.00000000,0.00000000
1514502000000,0.42498000,0.42498000,0.42498000,0.42498000,0.00000000,1514502059999,0.00000000,0,0.00000000,0.00000000
1514502060000,0.42498000,0.42498000,0.42498000,0.42498000,0.00000000,1514502119999,0.00000000,0,0.00000000,0.00000000
1514502120000,0.42498000,0.42498000,0.42498000,0.42498000,0.00000000,1514502179999,0.00000000,0,0.00000000,0.00000000
1514502180000,0.42498000,0.42500000,0.42498000,0.42500000,13.07000000,1514502239999,5.55456860,3,13.07000000,5.55456860
1514502240000,0.42500000,0.42500000,0.42500000,0.42500000,0.00000000,1514502299999,0.00000000,0,0.00000000,0.00000000
1514502300000,0.42500000,0.42500000,0.42500000,0.42500000,0.00000000,1514502359999,0.00000000,0,0.00000000,0.00000000
1514502360000,0.42500000,0.42500000,0.42500000,0.42500000,0.00000000,1514502419999,0.00000000,0,0.00000000,0.00000000
1514502420000,0.42500000,0.42500000,0.42500000,0.42500000,0.00000000,1514502479999,0.00000000,0,0.00000000,0.00000000
1514502480000,0.42500000,0.42500000,0.42500000,0.42500000,0.00000000,1514502539999,0.00000000,0,0.00000000,0.00000000
1514502540000,0.42500000,0.42500000,0.42500000,0.42500000,0.00000000,1514502599999,0.00000000,0,0.00000000,0.00000000
1514502600000,0.42500000,0.42500000,0.42500000,0.42500000,0.00000000,1514502659999,0.00000000,0,0.00000000,0.00000000
1514502660000,0.42500000,0.42500000,0.42500000,0.42500000,0.00000000,1514502719999,0.00000000,0,0.00000000,0.00000000
1514502720000,0.42500000,0.42500000,0.42500000,0.42500000,0.00000000,1514502779999,0.00000000,0,0.00000000,0.00000000
1514502780000,0.42500000,0.42500000,0.42500000,0.42500000,0.00000000,1514502839999,0.00000000,0,0.00000000,0.00000000
1514502840000,0.42500000,0.42500000,0.42500000,0.42500000,0.00000000,1514502899999,0.00000000,0,0.00000000,0.00000000
1514502900000,0.42500000,0.42500000,0.42500000,0.42500000,0.00000000,1514502959999,0.00000000,0,0.00000000,0.00000000
1514502960000,0.42500000,0.42500000,0.42500000,0.42500000,0.00000000,1514503019999,0.00000000,0,0.00000000,0.00000000
1514503020000,0.42500000,0.42500000,0.42500000,0.42500000,0.00000000,1514503079999,0.00000000,0,0.00000000,0.00000000
1514503080000,0.42500000,0.42500000,0.42500000,0.42500000,0.00000000,1514503139999,0.00000000,0,0.00000000,0.00000000
1514503140000,0.42500000,0.42500000,0.42500000,0.42500000,0.00000000,1514503199999,0.00000000,0,0.00000000,0.00000000
1514503200000,0.42500000,0.42500000,0.42500000,0.42500000,0.00000000,1514503259999,0.00000000,0,0.00000000,0.00000000
1514503260000,0.42500000,0.42500000,0.42500000,0.42500000,0.00000000,1514503319999,0.00000000,0,0.00000000,0.00000000
1514503320000,0.42500000,0.42500000,0.42500000,0.42500000,18.80000000,1514503379999,7.99000000,1,0.00000000,0.00000000
1514503380000,0.42500000,0.42500000,0.42500000,0.42500000,0.00000000,1514503439999,0.00000000,0,0.00000000,0.00000000
1514503440000,0.42500000,0.42500000,0.42500000,0.42500000,0.00000000,1514503499999,0.00000000,0,0.00000000,0.00000000
1514503500000,0.42500000,0.42500000,0.42500000,0.42500000,0.00000000,1514503559999,0.00000000,0,0.00000000,0.00000000
1514503560000,0.42500000,0.42500000,0.42500000,0.42500000,0.00000000,1514503619999,0.00000000,0,0.00000000,0.00000000
1514503620000,0.42500000,0.42500000,0.42500000,0.42500000,0.00000000,1514503679999,0.00000000,0,0.00000000,0.00000000
1514503680000,0.42500000,0.42500000,0.42500000,0.42500000,0.00000000,1514503739999,0.00000000,0,0.00000000,0.00000000
1514503740000,0.42500000,0.42500000,0.42500000,0.42500000,0.00000000,1514503799999,0.00000000,0,0.00000000,0.00000000
1514503800000,0.43054000,0.43054000,0.43054000,0.43054000,4.00000000,1514503859999,1.72216000,1,4.00000000,1.72216000
1514503860000,0.43054000,0.43054000,0.43054000,0.43054000,0.00000000,1514503919999,0.00000000,0,0.00000000,0.00000000
1514503920000,0.43048000,0.43048000,0.43048000,0.43048000,0.54000000,1514503979999,0.23245920,1,0.54000000,0.23245920
1514503980000,0.43048000,0.43048000,0.43048000,0.43048000,0.00000000,1514504039999,0.00000000,0,0.00000000,0.00000000
1514504040000,0.43034000,0.43034000,0.43034000,0.43034000,10.00000000,1514504099999,4.30340000,1,10.00000000,4.30340000
1514504100000,0.43034000,0.43034000,0.43034000,0.43034000,0.00000000,1514504159999,0.00000000,0,0.00000000,0.00000000
1514504160000,0.43034000,0.43034000,0.43034000,0.43034000,0.00000000,1514504219999,0.00000000,0,0.00000000,0.00000000
1514504220000,0.43034000,0.43034000,0.43034000,0.43034000,0.00000000,1514504279999,0.00000000,0,0.00000000,0.00000000
1514504280000,0.43034000,0.43034000,0.43034000,0.43034000,0.00000000,1514504339999,0.00000000,0,0.00000000,0.00000000
1514504340000,0.43034000,0.43034000,0.43034000,0.43034000,0.00000000,1514504399999,0.00000000,0,0.00000000,0.00000000
1514504400000,0.43034000,0.43034000,0.43034000,0.43034000,0.00000000,1514504459999,0.00000000,0,0.00000000,0.00000000
1514504460000,0.43034000,0.43034000,0.43034000,0.43034000,0.00000000,1514504519999,0.00000000,0,0.00000000,0.00000000
1514504520000,0.43034000,0.43034000,0.43034000,0.43034000,0.00000000,1514504579999,0.00000000,0,0.00000000,0.00000000
1514504580000,0.43034000,0.43034000,0.43034000,0.43034000,0.00000000,1514504639999,0.00000000,0,0.00000000,0.00000000
1514504640000,0.43034000,0.43034000,0.43034000,0.43034000,0.00000000,1514504699999,0.00000000,0,0.00000000,0.00000000
1514504700000,0.43034000,0.43034000,0.43034000,0.43034000,0.00000000,1514504759999,0.00000000,0,0.00000000,0.00000000
1514504760000,0.43034000,0.43034000,0.43034000,0.43034000,0.00000000,1514504819999,0.00000000,0,0.00000000,0.00000000
1514504820000,0.42986000,0.42986000,0.42986000,0.42986000,14.96000000,1514504879999,6.43070560,1,14.96000000,6.43070560
1514504880000,0.42986000,0.42986000,0.42986000,0.42986000,0.00000000,1514504939999,0.00000000,0,0.00000000,0.00000000
1514504940000,0.42986000,0.42986000,0.42986000,0.42986000,0.00000000,1514504999999,0.00000000,0,0.00000000,0.00000000
1514505000000,0.42986000,0.42986000,0.42986000,0.42986000,0.00000000,1514505059999,0.00000000,0,0.00000000,0.00000000
1514505060000,0.42986000,0.42986000,0.42986000,0.42986000,0.00000000,1514505119999,0.00000000,0,0.00000000,0.00000000
1514505120000,0.42986000,0.42986000,0.42986000,0.42986000,0.00000000,1514505179999,0.00000000,0,0.00000000,0.00000000
1514505180000,0.42986000,0.42986000,0.42986000,0.42986000,0.00000000,1514505239999,0.00000000,0,0.00000000,0.00000000
1514505240000,0.41319000,0.41319000,0.41319000,0.41319000,75.00000000,1514505299999,30.98925000,2,0.00000000,0.00000000
1514505300000,0.41319000,0.41319000,0.41319000,0.41319000,58.00000000,1514505359999,23.96502000,1,0.00000000,0.00000000
1514505360000,0.41319000,0.41319000,0.41319000,0.41319000,0.60000000,1514505419999,0.24791400,1,0.00000000,0.00000000
1514505420000,0.41319000,0.42959000,0.41319000,0.42959000,21.42000000,1514505479999,8.96942980,3,21.42000000,8.96942980
1514505480000,0.42959000,0.42959000,0.42959000,0.42959000,0.00000000,1514505539999,0.00000000,0,0.00000000,0.00000000
1514505540000,0.42955000,0.42955000,0.42955000,0.42955000,2.31000000,1514505599999,0.99226050,1,2.31000000,0.99226050
1514505600000,0.41218000,0.41218000,0.38500000,0.38500000,1031.17000000,1514505659999,403.76407890,13,0.00000000,0.00000000
1514505660000,0.38500000,0.38500000,0.38500000,0.38500000,0.00000000,1514505719999,0.00000000,0,0.00000000,0.00000000
1514505720000,0.38500000,0.38500000,0.38500000,0.38500000,0.00000000,1514505779999,0.00000000,0,0.00000000,0.00000000
1514505780000,0.38500000,0.38500000,0.38500000,0.38500000,0.00000000,1514505839999,0.00000000,0,0.00000000,0.00000000
1514505840000,0.38500000,0.38500000,0.38500000,0.38500000,0.00000000,1514505899999,0.00000000,0,0.00000000,0.00000000
1514505900000,0.38500000,0.38500000,0.38500000,0.38500000,0.00000000,1514505959999,0.00000000,0,0.00000000,0.00000000
1514505960000,0.38500000,0.38500000,0.38500000,0.38500000,0.00000000,1514506019999,0.00000000,0,0.00000000,0.00000000
1514506020000,0.38500000,0.38500000,0.38500000,0.38500000,0.00000000,1514506079999,0.00000000,0,0.00000000,0.00000000
1514506080000,0.38500000,0.38500000,0.38500000,0.38500000,0.00000000,1514506139999,0.00000000,0,0.00000000,0.00000000
1514506140000,0.38500000,0.38500000,0.38500000,0.38500000,0.00000000,1514506199999,0.00000000,0,0.00000000,0.00000000
1514506200000,0.38500000,0.38500000,0.38500000,0.38500000,0.00000000,1514506259999,0.00000000,0,0.00000000,0.00000000
1514506260000,0.38500000,0.38500000,0.38500000,0.38500000,0.00000000,1514506319999,0.00000000,0,0.00000000,0.00000000
1514506320000,0.38500000,0.38500000,0.38500000,0.38500000,0.00000000,1514506379999,0.00000000,0,0.00000000,0.00000000
1514506380000,0.38500000,0.38500000,0.38500000,0.38500000,0.00000000,1514506439999,0.00000000,0,0.00000000,0.00000000
1514506440000,0.38500000,0.38500000,0.38500000,0.38500000,0.00000000,1514506499999,0.00000000,0,0.00000000,0.00000000
1514506500000,0.42386000,0.42386000,0.42386000,0.42386000,2.58000000,1514506559999,1.09355880,1,2.58000000,1.09355880
1514506560000,0.42386000,0.42386000,0.42386000,0.42386000,0.00000000,1514506619999,0.00000000,0,0.00000000,0.00000000
1514506620000,0.42380000,0.42380000,0.42380000,0.42380000,8.00000000,1514506679999,3.39040000,1,8.00000000,3.39040000
1514506680000,0.42380000,0.42380000,0.42380000,0.42380000,0.00000000,1514506739999,0.00000000,0,0.00000000,0.00000000
1514506740000,0.42380000,0.42380000,0.42380000,0.42380000,0.00000000,1514506799999,0.00000000,0,0.00000000,0.00000000
1514506800000,0.42380000,0.42380000,0.42380000,0.42380000,0.00000000,1514506859999,0.00000000,0,0.00000000,0.00000000
1514506860000,0.42380000,0.42380000,0.42380000,0.42380000,0.00000000,1514506919999,0.00000000,0,0.00000000,0.00000000
1514506920000,0.42380000,0.42380000,0.42380000,0.42380000,0.00000000,1514506979999,0.00000000,0,0.00000000,0.00000000
1514506980000,0.42380000,0.42380000,0.42380000,0.42380000,0.00000000,1514507039999,0.00000000,0,0.00000000,0.00000000
1514507040000,0.42380000,0.42380000,0.42380000,0.42380000,0.00000000,1514507099999,0.00000000,0,0.00000000,0.00000000
1514507100000,0.42380000,0.42380000,0.42380000,0.42380000,0.00000000,1514507159999,0.00000000,0,0.00000000,0.00000000
1514507160000,0.42380000,0.42380000,0.42380000,0.42380000,0.00000000,1514507219999,0.00000000,0,0.00000000,0.00000000
1514507220000,0.42380000,0.42380000,0.42380000,0.42380000,0.00000000,1514507279999,0.00000000,0,0.00000000,0.00000000
1514507280000,0.42380000,0.42380000,0.42380000,0.42380000,0.00000000,1514507339999,0.00000000,0,0.00000000,0.00000000
1514507340000,0.42380000,0.42380000,0.42380000,0.42380000,0.00000000,1514507399999,0.00000000,0,0.00000000,0.00000000
1514507400000,0.42380000,0.42380000,0.42380000,0.42380000,0.00000000,1514507459999,0.00000000,0,0.00000000,0.00000000
1514507460000,0.42380000,0.42380000,0.42380000,0.42380000,0.00000000,1514507519999,0.00000000,0,0.00000000,0.00000000
1514507520000,0.42380000,0.42380000,0.42380000,0.42380000,0.00000000,1514507579999,0.00000000,0,0.00000000,0.00000000
1514507580000,0.42380000,0.42380000,0.42380000,0.42380000,0.00000000,1514507639999,0.00000000,0,0.00000000,0.00000000
1514507640000,0.42380000,0.42380000,0.42380000,0.42380000,0.00000000,1514507699999,0.00000000,0,0.00000000,0.00000000
1514507700000,0.42380000,0.42380000,0.42380000,0.42380000,0.00000000,1514507759999,0.00000000,0,0.00000000,0.00000000
1514507760000,0.42380000,0.42380000,0.42380000,0.42380000,0.00000000,1514507819999,0.00000000,0,0.00000000,0.00000000
1514507820000,0.42380000,0.42380000,0.42380000,0.42380000,0.00000000,1514507879999,0.00000000,0,0.00000000,0.00000000
1514507880000,0.42380000,0.42380000,0.42380000,0.42380000,0.00000000,1514507939999,0.00000000,0,0.00000000,0.00000000
1514507940000,0.42380000,0.42380000,0.42380000,0.42380000,0.00000000,1514507999999,0.00000000,0,0.00000000,0.00000000
1514508000000,0.42380000,0.42380000,0.42380000,0.42380000,0.00000000,1514508059999,0.00000000,0,0.00000000,0.00000000
1514508060000,0.42380000,0.42380000,0.42380000,0.42380000,0.00000000,1514508119999,0.00000000,0,0.00000000,0.00000000
1514508120000,0.42380000,0.42380000,0.42380000,0.42380000,0.00000000,1514508179999,0.00000000,0,0.00000000,0.00000000
1514508180000,0.42380000,0.42380000,0.42380000,0.42380000,0.00000000,1514508239999,0.00000000,0,0.00000000,0.00000000
1514508240000,0.42380000,0.42380000,0.42380000,0.42380000,0.00000000,1514508299999,0.00000000,0,0.00000000,0.00000000
1514508300000,0.42380000,0.42380000,0.42380000,0.42380000,0.00000000,1514508359999,0.00000000,0,0.00000000,0.00000000
1514508360000,0.41000000,0.41000000,0.38723000,0.38723000,177.30000000,1514508419999,69.79437900,4,0.00000000,0.00000000
1514508420000,0.38723000,0.38723000,0.38723000,0.38723000,20.00000000,1514508479999,7.74460000,1,20.00000000,7.74460000
1514508480000,0.38723000,0.38723000,0.38723000,0.38723000,0.00000000,1514508539999,0.00000000,0,0.00000000,0.00000000
1514508540000,0.38723000,0.38723000,0.38723000,0.38723000,0.00000000,1514508599999,0.00000000,0,0.00000000,0.00000000
1514508600000,0.38723000,0.38723000,0.38723000,0.38723000,0.00000000,1514508659999,0.00000000,0,0.00000000,0.00000000
1514508660000,0.38723000,0.38723000,0.38723000,0.38723000,0.00000000,1514508719999,0.00000000,0,0.00000000,0.00000000
1514508720000,0.38723000,0.38723000,0.38723000,0.38723000,0.00000000,1514508779999,0.00000000,0,0.00000000,0.00000000
1514508780000,0.38723000,0.38723000,0.38723000,0.38723000,0.00000000,1514508839999,0.00000000,0,0.00000000,0.00000000
1514508840000,0.38723000,0.38723000,0.38723000,0.38723000,0.00000000,1514508899999,0.00000000,0,0.00000000,0.00000000
1514508900000,0.38723000,0.38723000,0.38723000,0.38723000,0.00000000,1514508959999,0.00000000,0,0.00000000,0.00000000
1514508960000,0.38723000,0.38723000,0.38723000,0.38723000,0.00000000,1514509019999,0.00000000,0,0.00000000,0.00000000
1514509020000,0.38723000,0.38723000,0.38723000,0.38723000,0.00000000,1514509079999,0.00000000,0,0.00000000,0.00000000
1514509080000,0.38723000,0.38723000,0.38723000,0.38723000,0.00000000,1514509139999,0.00000000,0,0.00000000,0.00000000
1514509140000,0.38723000,0.38723000,0.38723000,0.38723000,0.00000000,1514509199999,0.00000000,0,0.00000000,0.00000000
1514509200000,0.38723000,0.38723000,0.38723000,0.38723000,0.00000000,1514509259999,0.00000000,0,0.00000000,0.00000000
1514509260000,0.38723000,0.38723000,0.38723000,0.38723000,0.00000000,1514509319999,0.00000000,0,0.00000000,0.00000000
1514509320000,0.38723000,0.38723000,0.38723000,0.38723000,0.00000000,1514509379999,0.00000000,0,0.00000000,0.00000000
1514509380000,0.38723000,0.38723000,0.38723000,0.38723000,0.00000000,1514509439999,0.00000000,0,0.00000000,0.00000000
1514509440000,0.38723000,0.38723000,0.38723000,0.38723000,0.00000000,1514509499999,0.00000000,0,0.00000000,0.00000000
1514509500000,0.40956000,0.40956000,0.40956000,0.40956000,0.05000000,1514509559999,0.02047800,1,0.05000000,0.02047800
1514509560000,0.40956000,0.40956000,0.40956000,0.40956000,0.00000000,1514509619999,0.00000000,0,0.00000000,0.00000000
1514509620000,0.40956000,0.40956000,0.40956000,0.40956000,0.00000000,1514509679999,0.00000000,0,0.00000000,0.00000000
1514509680000,0.40956000,0.40956000,0.40956000,0.40956000,0.00000000,1514509739999,0.00000000,0,0.00000000,0.00000000
1514509740000,0.40956000,0.40956000,0.40956000,0.40956000,0.00000000,1514509799999,0.00000000,0,0.00000000,0.00000000
1514509800000,0.40956000,0.40956000,0.40956000,0.40956000,0.00000000,1514509859999,0.00000000,0,0.00000000,0.00000000
1514509860000,0.40956000,0.40956000,0.40956000,0.40956000,0.00000000,1514509919999,0.00000000,0,0.00000000,0.00000000
1514509920000,0.41000000,0.41000000,0.41000000,0.41000000,54.00000000,1514509979999,22.14000000,3,54.00000000,22.14000000
1514509980000,0.41000000,0.41000000,0.41000000,0.41000000,0.00000000,1514510039999,0.00000000,0,0.00000000,0.00000000
1514510040000,0.41000000,0.41000000,0.41000000,0.41000000,46.02000000,1514510099999,18.86820000,2,46.02000000,18.86820000
1514510100000,0.41000000,0.41000000,0.41000000,0.41000000,0.00000000,1514510159999,0.00000000,0,0.00000000,0.00000000
1514510160000,0.41000000,0.41000000,0.41000000,0.41000000,0.00000000,1514510219999,0.00000000,0,0.00000000,0.00000000
1514510220000,0.41000000,0.41000000,0.41000000,0.41000000,0.00000000,1514510279999,0.00000000,0,0.00000000,0.00000000
1514510280000,0.41000000,0.41000000,0.41000000,0.41000000,0.00000000,1514510339999,0.00000000,0,0.00000000,0.00000000
1514510340000,0.42186000,0.42186000,0.42186000,0.42186000,182.92000000,1514510399999,77.16663120,3,182.92000000,77.16663120
1514510400000,0.42186000,0.42186000,0.42186000,0.42186000,0.00000000,1514510459999,0.00000000,0,0.00000000,0.00000000
1514510460000,0.42186000,0.42186000,0.39497000,0.39497000,246.24000000,1514510519999,97.43322730,3,2.35000000,0.99137100
1514510520000,0.39497000,0.39497000,0.39497000,0.39497000,0.00000000,1514510579999,0.00000000,0,0.00000000,0.00000000
1514510580000,0.39497000,0.39497000,0.39497000,0.39497000,0.00000000,1514510639999,0.00000000,0,0.00000000,0.00000000
1514510640000,0.39497000,0.39497000,0.39497000,0.39497000,0.00000000,1514510699999,0.00000000,0,0.00000000,0.00000000
1514510700000,0.39497000,0.39497000,0.39497000,0.39497000,7.32000000,1514510759999,2.89118040,1,0.00000000,0.00000000
1514510760000,0.39497000,0.39497000,0.39497000,0.39497000,0.00000000,1514510819999,0.00000000,0,0.00000000,0.00000000
1514510820000,0.39497000,0.39497000,0.39497000,0.39497000,0.00000000,1514510879999,0.00000000,0,0.00000000,0.00000000
1514510880000,0.39497000,0.39497000,0.39497000,0.39497000,0.00000000,1514510939999,0.00000000,0,0.00000000,0.00000000
1514510940000,0.39497000,0.39497000,0.39497000,0.39497000,0.00000000,1514510999999,0.00000000,0,0.00000000,0.00000000
1514511000000,0.39497000,0.39497000,0.39497000,0.39497000,0.00000000,1514511059999,0.00000000,0,0.00000000,0.00000000
1514511060000,0.39497000,0.39497000,0.39497000,0.39497000,0.00000000,1514511119999,0.00000000,0,0.00000000,0.00000000
1514511120000,0.39497000,0.39497000,0.39497000,0.39497000,0.00000000,1514511179999,0.00000000,0,0.00000000,0.00000000
1514511180000,0.39497000,0.39497000,0.39497000,0.39497000,0.00000000,1514511239999,0.00000000,0,0.00000000,0.00000000
1514511240000,0.39497000,0.39497000,0.39497000,0.39497000,0.00000000,1514511299999,0.00000000,0,0.00000000,0.00000000
1514511300000,0.39497000,0.39497000,0.39497000,0.39497000,0.00000000,1514511359999,0.00000000,0,0.00000000,0.00000000
1514511360000,0.39497000,0.39497000,0.39497000,0.39497000,0.00000000,1514511419999,0.00000000,0,0.00000000,0.00000000
1514511420000,0.39498000,0.39498000,0.39498000,0.39498000,0.99000000,1514511479999,0.39103020,1,0.00000000,0.00000000
1514511480000,0.39498000,0.39498000,0.39498000,0.39498000,0.00000000,1514511539999,0.00000000,0,0.00000000,0.00000000
1514511540000,0.39498000,0.39498000,0.39498000,0.39498000,0.00000000,1514511599999,0.00000000,0,0.00000000,0.00000000
1514511600000,0.39498000,0.39498000,0.39498000,0.39498000,0.00000000,1514511659999,0.00000000,0,0.00000000,0.00000000
1514511660000,0.39498000,0.39498000,0.39498000,0.39498000,0.00000000,1514511719999,0.00000000,0,0.00000000,0.00000000
1514511720000,0.39498000,0.39498000,0.39498000,0.39498000,0.00000000,1514511779999,0.00000000,0,0.00000000,0.00000000
1514511780000,0.39498000,0.39498000,0.39498000,0.39498000,0.00000000,1514511839999,0.00000000,0,0.00000000,0.00000000
1514511840000,0.39498000,0.39498000,0.39498000,0.39498000,0.00000000,1514511899999,0.00000000,0,0.00000000,0.00000000
1514511900000,0.39498000,0.39498000,0.39498000,0.39498000,0.00000000,1514511959999,0.00000000,0,0.00000000,0.00000000
1514511960000,0.39498000,0.39498000,0.39498000,0.39498000,0.00000000,1514512019999,0.00000000,0,0.00000000,0.00000000
1514512020000,0.39498000,0.39498000,0.39498000,0.39498000,0.00000000,1514512079999,0.00000000,0,0.00000000,0.00000000
1514512080000,0.39498000,0.39498000,0.39498000,0.39498000,0.00000000,1514512139999,0.00000000,0,0.00000000,0.00000000
1514512140000,0.42379000,0.42379000,0.42379000,0.42379000,0.30000000,1514512199999,0.12713700,1,0.30000000,0.12713700
1514512200000,0.42379000,0.42379000,0.42379000,0.42379000,0.00000000,1514512259999,0.00000000,0,0.00000000,0.00000000
1514512260000,0.42379000,0.42379000,0.42379000,0.42379000,3.00000000,1514512319999,1.27137000,1,3.00000000,1.27137000
1514512320000,0.42379000,0.42379000,0.42379000,0.42379000,0.00000000,1514512379999,0.00000000,0,0.00000000,0.00000000
1514512380000,0.39500000,0.39500000,0.39500000,0.39500000,0.13000000,1514512439999,0.05135000,1,0.00000000,0.00000000
1514512440000,0.39500000,0.39500000,0.39500000,0.39500000,0.00000000,1514512499999,0.00000000,0,0.00000000,0.00000000
1514512500000,0.39500000,0.39500000,0.39500000,0.39500000,0.00000000,1514512559999,0.00000000,0,0.00000000,0.00000000
1514512560000,0.42379000,0.42379000,0.39500000,0.39500000,3.80000000,1514512619999,1.55858000,2,2.00000000,0.84758000
1514512620000,0.39500000,0.39500000,0.39500000,0.39500000,0.00000000,1514512679999,0.00000000,0,0.00000000,0.00000000
1514512680000,0.39500000,0.39500000,0.39500000,0.39500000,0.00000000,1514512739999,0.00000000,0,0.00000000,0.00000000
1514512740000,0.39500000,0.39500000,0.39500000,0.39500000,5.00000000,1514512799999,1.97500000,1,0.00000000,0.00000000
1514512800000,0.39500000,0.39500000,0.39500000,0.39500000,0.00000000,1514512859999,0.00000000,0,0.00000000,0.00000000
1514512860000,0.39500000,0.39500000,0.39500000,0.39500000,0.00000000,1514512919999,0.00000000,0,0.00000000,0.00000000
1514512920000,0.39500000,0.39500000,0.39500000,0.39500000,0.00000000,1514512979999,0.00000000,0,0.00000000,0.00000000
1514512980000,0.39500000,0.39500000,0.39500000,0.39500000,0.00000000,1514513039999,0.00000000,0,0.00000000,0.00000000
1514513040000,0.39500000,0.39500000,0.39500000,0.39500000,0.00000000,1514513099999,0.00000000,0,0.00000000,0.00000000
1514513100000,0.39500000,0.39500000,0.39500000,0.39500000,0.00000000,1514513159999,0.00000000,0,0.00000000,0.00000000
1514513160000,0.39500000,0.39500000,0.39500000,0.39500000,0.00000000,1514513219999,0.00000000,0,0.00000000,0.00000000
1514513220000,0.39500000,0.39500000,0.39500000,0.39500000,0.00000000,1514513279999,0.00000000,0,0.00000000,0.00000000
1514513280000,0.39500000,0.39500000,0.39500000,0.39500000,0.00000000,1514513339999,0.00000000,0,0.00000000,0.00000000
1514513340000,0.39500000,0.39500000,0.39500000,0.39500000,0.00000000,1514513399999,0.00000000,0,0.00000000,0.00000000
1514513400000,0.39500000,0.39500000,0.39500000,0.39500000,0.00000000,1514513459999,0.00000000,0,0.00000000,0.00000000
1514513460000,0.39500000,0.39500000,0.39500000,0.39500000,0.00000000,1514513519999,0.00000000,0,0.00000000,0.00000000
1514513520000,0.42379000,0.42379000,0.42379000,0.42379000,0.01000000,1514513579999,0.00423790,1,0.01000000,0.00423790
1514513580000,0.42379000,0.42379000,0.42379000,0.42379000,27.98000000,1514513639999,11.85764420,1,27.98000000,11.85764420
1514513640000,0.42379000,0.42379000,0.42379000,0.42379000,0.00000000,1514513699999,0.00000000,0,0.00000000,0.00000000
1514513700000,0.42379000,0.42379000,0.42379000,0.42379000,0.00000000,1514513759999,0.00000000,0,0.00000000,0.00000000
1514513760000,0.42379000,0.42379000,0.42379000,0.42379000,0.00000000,1514513819999,0.00000000,0,0.00000000,0.00000000
1514513820000,0.42379000,0.42379000,0.42379000,0.42379000,0.00000000,1514513879999,0.00000000,0,0.00000000,0.00000000
1514513880000,0.42379000,0.42379000,0.42379000,0.42379000,0.00000000,1514513939999,0.00000000,0,0.00000000,0.00000000
1514513940000,0.42379000,0.42379000,0.42379000,0.42379000,0.00000000,1514513999999,0.00000000,0,0.00000000,0.00000000
1514514000000,0.42379000,0.42379000,0.42379000,0.42379000,0.00000000,1514514059999,0.00000000,0,0.00000000,0.00000000
1514514060000,0.42379000,0.42379000,0.42379000,0.42379000,0.00000000,1514514119999,0.00000000,0,0.00000000,0.00000000
1514514120000,0.42379000,0.42379000,0.42379000,0.42379000,0.00000000,1514514179999,0.00000000,0,0.00000000,0.00000000
1514514180000,0.42379000,0.42379000,0.42379000,0.42379000,0.00000000,1514514239999,0.00000000,0,0.00000000,0.00000000
1514514240000,0.42379000,0.42379000,0.42379000,0.42379000,65.20000000,1514514299999,27.63110800,3,3.04000000,1.28832160
1514514300000,0.42379000,0.42379000,0.42379000,0.42379000,0.00000000,1514514359999,0.00000000,0,0.00000000,0.00000000
1514514360000,0.42379000,0.42379000,0.42379000,0.42379000,0.00000000,1514514419999,0.00000000,0,0.00000000,0.00000000
1514514420000,0.42379000,0.42379000,0.42379000,0.42379000,0.00000000,1514514479999,0.00000000,0,0.00000000,0.00000000
1514514480000,0.42379000,0.42379000,0.42379000,0.42379000,0.00000000,1514514539999,0.00000000,0,0.00000000,0.00000000
1514514540000,0.42337000,0.42337000,0.42337000,0.42337000,12.00000000,1514514599999,5.08044000,1,12.00000000,5.08044000
1514514600000,0.42337000,0.42337000,0.42337000,0.42337000,0.00000000,1514514659999,0.00000000,0,0.00000000,0.00000000
1514514660000,0.42337000,0.42337000,0.42337000,0.42337000,0.00000000,1514514719999,0.00000000,0,0.00000000,0.00000000
1514514720000,0.42337000,0.42337000,0.42337000,0.42337000,0.00000000,1514514779999,0.00000000,0,0.00000000,0.00000000
1514514780000,0.42337000,0.42337000,0.42337000,0.42337000,0.00000000,1514514839999,0.00000000,0,0.00000000,0.00000000
1514514840000,0.42337000,0.42337000,0.42337000,0.42337000,0.00000000,1514514899999,0.00000000,0,0.00000000,0.00000000
1514514900000,0.42337000,0.42337000,0.42337000,0.42337000,0.00000000,1514514959999,0.00000000,0,0.00000000,0.00000000
1514514960000,0.42337000,0.42337000,0.42337000,0.42337000,0.00000000,1514515019999,0.00000000,0,0.00000000,0.00000000
1514515020000,0.42318000,0.42337000,0.42318000,0.42337000,366.96000000,1514515079999,155.34502820,3,80.66000000,34.13419720
1514515080000,0.42337000,0.42337000,0.42337000,0.42337000,0.00000000,1514515139999,0.00000000,0,0.00000000,0.00000000
1514515140000,0.42337000,0.42337000,0.42337000,0.42337000,62.56000000,1514515199999,26.48602720,3,0.00000000,0.00000000
1514515200000,0.42336000,0.42336000,0.42336000,0.42336000,3.00000000,1514515259999,1.27008000,1,3.00000000,1.27008000
1514515260000,0.42336000,0.42336000,0.42336000,0.42336000,0.00000000,1514515319999,0.00000000,0,0.00000000,0.00000000
1514515320000,0.42336000,0.42336000,0.42336000,0.42336000,0.00000000,1514515379999,0.00000000,0,0.00000000,0.00000000
1514515380000,0.42336000,0.42336000,0.42336000,0.42336000,0.00000000,1514515439999,0.00000000,0,0.00000000,0.00000000
1514515440000,0.42336000,0.42336000,0.42336000,0.42336000,0.00000000,1514515499999,0.00000000,0,0.00000000,0.00000000
1514515500000,0.42336000,0.42336000,0.42336000,0.42336000,0.00000000,1514515559999,0.00000000,0,0.00000000,0.00000000
1514515560000,0.42336000,0.42336000,0.42336000,0.42336000,0.00000000,1514515619999,0.00000000,0,0.00000000,0.00000000
1514515620000,0.42336000,0.42336000,0.42336000,0.42336000,0.00000000,1514515679999,0.00000000,0,0.00000000,0.00000000
1514515680000,0.42336000,0.42336000,0.42336000,0.42336000,0.00000000,1514515739999,0.00000000,0,0.00000000,0.00000000
1514515740000,0.42336000,0.42336000,0.40001000,0.40001000,3.07000000,1514515799999,1.22966520,3,0.07000000,0.02963520
1514515800000,0.42236000,0.42236000,0.42235000,0.42235000,5.91000000,1514515859999,2.49611810,2,5.91000000,2.49611810
1514515860000,0.40015000,0.40015000,0.40001000,0.40012000,23.07000000,1514515919999,9.23022050,7,0.00000000,0.00000000
1514515920000,0.40012000,0.40012000,0.40001000,0.40001000,16.00000000,1514515979999,6.40181660,17,0.00000000,0.00000000
1514515980000,0.42223000,0.42223000,0.40016000,0.40016000,18.59000000,1514516039999,7.50518440,6,3.00000000,1.26669000
1514516040000,0.40016000,0.40016000,0.40001000,0.40016000,18.00000000,1514516099999,7.20261300,17,0.00000000,0.00000000
1514516100000,0.40016000,0.40016000,0.40001000,0.40001000,20.00000000,1514516159999,8.00298250,22,0.00000000,0.00000000
1514516160000,0.42213000,0.42213000,0.40001000,0.40017000,38.00000000,1514516219999,15.50417650,6,10.00000000,4.22130000
1514516220000,0.42210000,0.42210000,0.40001000,0.40001000,8.00000000,1514516279999,3.24430020,5,2.00000000,0.84420000
1514516280000,0.40201000,0.40201000,0.40201000,0.40201000,9.59000000,1514516339999,3.85527590,9,0.00000000,0.00000000
1514516340000,0.40201000,0.40201000,0.40001000,0.40001000,9.00000000,1514516399999,3.61685000,10,0.00000000,0.00000000
1514516400000,0.40001000,0.40001000,0.40001000,0.40001000,0.00000000,1514516459999,0.00000000,0,0.00000000,0.00000000
1514516460000,0.40003000,0.40003000,0.40003000,0.40003000,1.94000000,1514516519999,0.77605820,2,0.00000000,0.00000000
1514516520000,0.42185000,0.42185000,0.42185000,0.42185000,14.91000000,1514516579999,6.28978350,2,14.91000000,6.28978350
1514516580000,0.42185000,0.42185000,0.42185000,0.42185000,0.00000000,1514516639999,0.00000000,0,0.00000000,0.00000000
1514516640000,0.42000000,0.42000000,0.42000000,0.42000000,135.79000000,1514516699999,57.03180000,1,0.00000000,0.00000000
1514516700000,0.42000000,0.42000000,0.42000000,0.42000000,0.00000000,1514516759999,0.00000000,0,0.00000000,0.00000000
1514516760000,0.42000000,0.42000000,0.42000000,0.42000000,0.00000000,1514516819999,0.00000000,0,0.00000000,0.00000000
1514516820000,0.42000000,0.42000000,0.42000000,0.42000000,0.00000000,1514516879999,0.00000000,0,0.00000000,0.00000000
1514516880000,0.42000000,0.42000000,0.42000000,0.42000000,0.00000000,1514516939999,0.00000000,0,0.00000000,0.00000000
1514516940000,0.42000000,0.42000000,0.42000000,0.42000000,0.00000000,1514516999999,0.00000000,0,0.00000000,0.00000000
1514517000000,0.42000000,0.42000000,0.42000000,0.42000000,0.00000000,1514517059999,0.00000000,0,0.00000000,0.00000000
1514517060000,0.42000000,0.42000000,0.42000000,0.42000000,0.00000000,1514517119999,0.00000000,0,0.00000000,0.00000000
1514517120000,0.42000000,0.42000000,0.42000000,0.42000000,0.00000000,1514517179999,0.00000000,0,0.00000000,0.00000000
1514517180000,0.42000000,0.42000000,0.42000000,0.42000000,0.00000000,1514517239999,0.00000000,0,0.00000000,0.00000000
1514517240000,0.42000000,0.42000000,0.42000000,0.42000000,0.00000000,1514517299999,0.00000000,0,0.00000000,0.00000000
1514517300000,0.42000000,0.42000000,0.42000000,0.42000000,0.00000000,1514517359999,0.00000000,0,0.00000000,0.00000000
1514517360000,0.40002000,0.40002000,0.40001000,0.40001000,21.67000000,1514517419999,8.66839580,2,0.00000000,0.00000000
1514517420000,0.40001000,0.40001000,0.40001000,0.40001000,0.00000000,1514517479999,0.00000000,0,0.00000000,0.00000000
1514517480000,0.40001000,0.40001000,0.40001000,0.40001000,0.00000000,1514517539999,0.00000000,0,0.00000000,0.00000000
1514517540000,0.40001000,0.40001000,0.40001000,0.40001000,0.00000000,1514517599999,0.00000000,0,0.00000000,0.00000000
1514517600000,0.40001000,0.40001000,0.40001000,0.40001000,0.00000000,1514517659999,0.00000000,0,0.00000000,0.00000000
1514517660000,0.40001000,0.40001000,0.40001000,0.40001000,0.00000000,1514517719999,0.00000000,0,0.00000000,0.00000000
1514517720000,0.40002000,0.42234000,0.40002000,0.42234000,12.35000000,1514517779999,5.10229020,2,7.26000000,3.06618840
1514517780000,0.42234000,0.42234000,0.42234000,0.42234000,0.00000000,1514517839999,0.00000000,0,0.00000000,0.00000000
1514517840000,0.42234000,0.42234000,0.42234000,0.42234000,0.00000000,1514517899999,0.00000000,0,0.00000000,0.00000000
1514517900000,0.42234000,0.42234000,0.42234000,0.42234000,0.00000000,1514517959999,0.00000000,0,0.00000000,0.00000000
1514517960000,0.42234000,0.42234000,0.42234000,0.42234000,0.00000000,1514518019999,0.00000000,0,0.00000000,0.00000000
1514518020000,0.42234000,0.42234000,0.42234000,0.42234000,0.00000000,1514518079999,0.00000000,0,0.00000000,0.00000000
1514518080000,0.42234000,0.42234000,0.42234000,0.42234000,0.00000000,1514518139999,0.00000000,0,0.00000000,0.00000000
1514518140000,0.42234000,0.42234000,0.42234000,0.42234000,0.00000000,1514518199999,0.00000000,0,0.00000000,0.00000000
1514518200000,0.42234000,0.42234000,0.42234000,0.42234000,0.00000000,1514518259999,0.00000000,0,0.00000000,0.00000000
1514518260000,0.42234000,0.42234000,0.42234000,0.42234000,0.00000000,1514518319999,0.00000000,0,0.00000000,0.00000000
1514518320000,0.42234000,0.42234000,0.42234000,0.42234000,0.00000000,1514518379999,0.00000000,0,0.00000000,0.00000000
1514518380000,0.42234000,0.42234000,0.42234000,0.42234000,0.00000000,1514518439999,0.00000000,0,0.00000000,0.00000000
1514518440000,0.42234000,0.42234000,0.42234000,0.42234000,0.00000000,1514518499999,0.00000000,0,0.00000000,0.00000000
1514518500000,0.42234000,0.42234000,0.42234000,0.42234000,0.00000000,1514518559999,0.00000000,0,0.00000000,0.00000000
1514518560000,0.42197000,0.42197000,0.42197000,0.42197000,13.07000000,1514518619999,5.51514790,1,13.07000000,5.51514790
1514518620000,0.42197000,0.42197000,0.42197000,0.42197000,0.00000000,1514518679999,0.00000000,0,0.00000000,0.00000000
1514518680000,0.42197000,0.42197000,0.42197000,0.42197000,0.00000000,1514518739999,0.00000000,0,0.00000000,0.00000000
1514518740000,0.42197000,0.42197000,0.42197000,0.42197000,0.00000000,1514518799999,0.00000000,0,0.00000000,0.00000000
1514518800000,0.42197000,0.42197000,0.42197000,0.42197000,0.00000000,1514518859999,0.00000000,0,0.00000000,0.00000000
1514518860000,0.42173000,0.42173000,0.42173000,0.42173000,0.94000000,1514518919999,0.39642620,1,0.94000000,0.39642620
1514518920000,0.42173000,0.42173000,0.42173000,0.42173000,0.00000000,1514518979999,0.00000000,0,0.00000000,0.00000000
1514518980000,0.42173000,0.42173000,0.42173000,0.42173000,0.00000000,1514519039999,0.00000000,0,0.00000000,0.00000000
1514519040000,0.42173000,0.42173000,0.42173000,0.42173000,0.00000000,1514519099999,0.00000000,0,0.00000000,0.00000000
1514519100000,0.42155000,0.42155000,0.42155000,0.42155000,50.00000000,1514519159999,21.07750000,1,50.00000000,21.07750000
1514519160000,0.42155000,0.42155000,0.42155000,0.42155000,0.00000000,1514519219999,0.00000000,0,0.00000000,0.00000000
1514519220000,0.42155000,0.42155000,0.42155000,0.42155000,0.00000000,1514519279999,0.00000000,0,0.00000000,0.00000000
1514519280000,0.42155000,0.42155000,0.42155000,0.42155000,0.00000000,1514519339999,0.00000000,0,0.00000000,0.00000000
1514519340000,0.42155000,0.42155000,0.42155000,0.42155000,0.00000000,1514519399999,0.00000000,0,0.00000000,0.00000000
1514519400000,0.42155000,0.42155000,0.42155000,0.42155000,0.00000000,1514519459999,0.00000000,0,0.00000000,0.00000000
1514519460000,0.42155000,0.42155000,0.42155000,0.42155000,0.00000000,1514519519999,0.00000000,0,0.00000000,0.00000000
1514519520000,0.42155000,0.42155000,0.42155000,0.42155000,0.00000000,1514519579999,0.00000000,0,0.00000000,0.00000000
1514519580000,0.42155000,0.42155000,0.42155000,0.42155000,0.00000000,1514519639999,0.00000000,0,0.00000000,0.00000000
1514519640000,0.42155000,0.42155000,0.42155000,0.42155000,0.00000000,1514519699999,0.00000000,0,0.00000000,0.00000000
1514519700000,0.42155000,0.42155000,0.42155000,0.42155000,0.00000000,1514519759999,0.00000000,0,0.00000000,0.00000000
1514519760000,0.42155000,0.42155000,0.42155000,0.42155000,0.00000000,1514519819999,0.00000000,0,0.00000000,0.00000000
1514519820000,0.40100000,0.40100000,0.40100000,0.40100000,0.20000000,1514519879999,0.08020000,1,0.00000000,0.00000000
1514519880000,0.40100000,0.40100000,0.40100000,0.40100000,0.00000000,1514519939999,0.00000000,0,0.00000000,0.00000000
1514519940000,0.40100000,0.40100000,0.40100000,0.40100000,0.00000000,1514519999999,0.00000000,0,0.00000000,0.00000000
1514520000000,0.40100000,0.40100000,0.40100000,0.40100000,0.00000000,1514520059999,0.00000000,0,0.00000000,0.00000000
1514520060000,0.40100000,0.40100000,0.40100000,0.40100000,0.00000000,1514520119999,0.00000000,0,0.00000000,0.00000000
1514520120000,0.40100000,0.40100000,0.40100000,0.40100000,0.00000000,1514520179999,0.00000000,0,0.00000000,0.00000000
1514520180000,0.40100000,0.40100000,0.40100000,0.40100000,0.00000000,1514520239999,0.00000000,0,0.00000000,0.00000000
1514520240000,0.40100000,0.40100000,0.40100000,0.40100000,0.00000000,1514520299999,0.00000000,0,0.00000000,0.00000000
1514520300000,0.40100000,0.40100000,0.40100000,0.40100000,0.00000000,1514520359999,0.00000000,0,0.00000000,0.00000000
1514520360000,0.40100000,0.40100000,0.40100000,0.40100000,0.00000000,1514520419999,0.00000000,0,0.00000000,0.00000000
1514520420000,0.40100000,0.40100000,0.40100000,0.40100000,0.00000000,1514520479999,0.00000000,0,0.00000000,0.00000000
1514520480000,0.40100000,0.40100000,0.40100000,0.40100000,0.00000000,1514520539999,0.00000000,0,0.00000000,0.00000000
1514520540000,0.40100000,0.40100000,0.40100000,0.40100000,0.00000000,1514520599999,0.00000000,0,0.00000000,0.00000000
1514520600000,0.40100000,0.40100000,0.40100000,0.40100000,1.00000000,1514520659999,0.40100000,1,0.00000000,0.00000000
1514520660000,0.40100000,0.40100000,0.40100000,0.40100000,0.00000000,1514520719999,0.00000000,0,0.00000000,0.00000000
1514520720000,0.40100000,0.40100000,0.40100000,0.40100000,0.00000000,1514520779999,0.00000000,0,0.00000000,0.00000000
1514520780000,0.40100000,0.40100000,0.40100000,0.40100000,0.00000000,1514520839999,0.00000000,0,0.00000000,0.00000000
1514520840000,0.40100000,0.40100000,0.40100000,0.40100000,0.00000000,1514520899999,0.00000000,0,0.00000000,0.00000000
1514520900000,0.40100000,0.40100000,0.40100000,0.40100000,0.00000000,1514520959999,0.00000000,0,0.00000000,0.00000000
1514520960000,0.40100000,0.40100000,0.40100000,0.40100000,0.00000000,1514521019999,0.00000000,0,0.00000000,0.00000000
1514521020000,0.40100000,0.40100000,0.40100000,0.40100000,0.00000000,1514521079999,0.00000000,0,0.00000000,0.00000000
1514521080000,0.40100000,0.40100000,0.40100000,0.40100000,0.00000000,1514521139999,0.00000000,0,0.00000000,0.00000000
1514521140000,0.40100000,0.40100000,0.40100000,0.40100000,0.00000000,1514521199999,0.00000000,0,0.00000000,0.00000000
1514521200000,0.40100000,0.40100000,0.40100000,0.40100000,0.00000000,1514521259999,0.00000000,0,0.00000000,0.00000000
1514521260000,0.40100000,0.40100000,0.40100000,0.40100000,0.00000000,1514521319999,0.00000000,0,0.00000000,0.00000000
1514521320000,0.40100000,0.40100000,0.40100000,0.40100000,0.00000000,1514521379999,0.00000000,0,0.00000000,0.00000000
1514521380000,0.40100000,0.40100000,0.40100000,0.40100000,0.00000000,1514521439999,0.00000000,0,0.00000000,0.00000000
1514521440000,0.40100000,0.40100000,0.40100000,0.40100000,0.00000000,1514521499999,0.00000000,0,0.00000000,0.00000000
1514521500000,0.40100000,0.40100000,0.40100000,0.40100000,0.00000000,1514521559999,0.00000000,0,0.00000000,0.00000000
1514521560000,0.40100000,0.40100000,0.40100000,0.40100000,0.00000000,1514521619999,0.00000000,0,0.00000000,0.00000000
1514521620000,0.40100000,0.40100000,0.40100000,0.40100000,0.00000000,1514521679999,0.00000000,0,0.00000000,0.00000000
1514521680000,0.40100000,0.40100000,0.40100000,0.40100000,0.00000000,1514521739999,0.00000000,0,0.00000000,0.00000000
1514521740000,0.40100000,0.40100000,0.40100000,0.40100000,0.00000000,1514521799999,0.00000000,0,0.00000000,0.00000000
1514521800000,0.40100000,0.40100000,0.40100000,0.40100000,0.00000000,1514521859999,0.00000000,0,0.00000000,0.00000000
1514521860000,0.40100000,0.40100000,0.40100000,0.40100000,0.00000000,1514521919999,0.00000000,0,0.00000000,0.00000000
1514521920000,0.40100000,0.40100000,0.40100000,0.40100000,0.00000000,1514521979999,0.00000000,0,0.00000000,0.00000000
1514521980000,0.40100000,0.40100000,0.40100000,0.40100000,0.00000000,1514522039999,0.00000000,0,0.00000000,0.00000000
1514522040000,0.40100000,0.40100000,0.40100000,0.40100000,0.00000000,1514522099999,0.00000000,0,0.00000000,0.00000000
1514522100000,0.40100000,0.40100000,0.40100000,0.40100000,0.00000000,1514522159999,0.00000000,0,0.00000000,0.00000000
1514522160000,0.40100000,0.40100000,0.40100000,0.40100000,0.00000000,1514522219999,0.00000000,0,0.00000000,0.00000000
1514522220000,0.40100000,0.40100000,0.40100000,0.40100000,0.00000000,1514522279999,0.00000000,0,0.00000000,0.00000000
1514522280000,0.40100000,0.40100000,0.40100000,0.40100000,0.00000000,1514522339999,0.00000000,0,0.00000000,0.00000000
1514522340000,0.42120000,0.42120000,0.42118000,0.42118000,1.72000000,1514522399999,0.72445820,2,1.72000000,0.72445820
1514522400000,0.42114000,0.42114000,0.42114000,0.42114000,0.07000000,1514522459999,0.02947980,1,0.07000000,0.02947980
1514522460000,0.42114000,0.42114000,0.42114000,0.42114000,0.00000000,1514522519999,0.00000000,0,0.00000000,0.00000000
1514522520000,0.42114000,0.42114000,0.42114000,0.42114000,0.00000000,1514522579999,0.00000000,0,0.00000000,0.00000000
1514522580000,0.42114000,0.42114000,0.42114000,0.42114000,0.00000000,1514522639999,0.00000000,0,0.00000000,0.00000000
1514522640000,0.42114000,0.42114000,0.42114000,0.42114000,0.00000000,1514522699999,0.00000000,0,0.00000000,0.00000000
1514522700000,0.42114000,0.42114000,0.42114000,0.42114000,0.00000000,1514522759999,0.00000000,0,0.00000000,0.00000000
1514522760000,0.42091000,0.42092000,0.42091000,0.42092000,50.00000000,1514522819999,21.04560640,2,50.00000000,21.04560640
1514522820000,0.42092000,0.42092000,0.42092000,0.42092000,0.00000000,1514522879999,0.00000000,0,0.00000000,0.00000000
1514522880000,0.42092000,0.42092000,0.42092000,0.42092000,0.00000000,1514522939999,0.00000000,0,0.00000000,0.00000000
1514522940000,0.42092000,0.42092000,0.42092000,0.42092000,0.00000000,1514522999999,0.00000000,0,0.00000000,0.00000000
1514523000000,0.42155000,0.42155000,0.42155000,0.42155000,2.89000000,1514523059999,1.21827950,1,2.89000000,1.21827950
1514523060000,0.42155000,0.42155000,0.42155000,0.42155000,0.00000000,1514523119999,0.00000000,0,0.00000000,0.00000000
1514523120000,0.42155000,0.42155000,0.42155000,0.42155000,0.00000000,1514523179999,0.00000000,0,0.00000000,0.00000000
1514523180000,0.42155000,0.42155000,0.42155000,0.42155000,0.00000000,1514523239999,0.00000000,0,0.00000000,0.00000000
1514523240000,0.42155000,0.42155000,0.42155000,0.42155000,0.00000000,1514523299999,0.00000000,0,0.00000000,0.00000000
1514523300000,0.42155000,0.42155000,0.42155000,0.42155000,0.00000000,1514523359999,0.00000000,0,0.00000000,0.00000000
1514523360000,0.42155000,0.42155000,0.42155000,0.42155000,0.00000000,1514523419999,0.00000000,0,0.00000000,0.00000000
1514523420000,0.42155000,0.42155000,0.42155000,0.42155000,2.90000000,1514523479999,1.22249500,2,2.11000000,0.88947050
1514523480000,0.42155000,0.42155000,0.42155000,0.42155000,0.00000000,1514523539999,0.00000000,0,0.00000000,0.00000000
1514523540000,0.42155000,0.42155000,0.42155000,0.42155000,0.00000000,1514523599999,0.00000000,0,0.00000000,0.00000000
1514523600000,0.42155000,0.42155000,0.42155000,0.42155000,0.00000000,1514523659999,0.00000000,0,0.00000000,0.00000000
1514523660000,0.42233000,0.42233000,0.42233000,0.42233000,22.53000000,1514523719999,9.51509490,1,22.53000000,9.51509490
1514523720000,0.42233000,0.42233000,0.42233000,0.42233000,0.00000000,1514523779999,0.00000000,0,0.00000000,0.00000000
1514523780000,0.42233000,0.42233000,0.42233000,0.42233000,0.00000000,1514523839999,0.00000000,0,0.00000000,0.00000000
1514523840000,0.42233000,0.42233000,0.42233000,0.42233000,0.00000000,1514523899999,0.00000000,0,0.00000000,0.00000000
1514523900000,0.42233000,0.42233000,0.42233000,0.42233000,0.00000000,1514523959999,0.00000000,0,0.00000000,0.00000000
1514523960000,0.42233000,0.42233000,0.42233000,0.42233000,0.00000000,1514524019999,0.00000000,0,0.00000000,0.00000000
1514524020000,0.42233000,0.42233000,0.42233000,0.42233000,0.00000000,1514524079999,0.00000000,0,0.00000000,0.00000000
1514524080000,0.42233000,0.42233000,0.42233000,0.42233000,0.00000000,1514524139999,0.00000000,0,0.00000000,0.00000000
1514524140000,0.42233000,0.42233000,0.42233000,0.42233000,0.00000000,1514524199999,0.00000000,0,0.00000000,0.00000000
1514524200000,0.42233000,0.42233000,0.42233000,0.42233000,0.00000000,1514524259999,0.00000000,0,0.00000000,0.00000000
1514524260000,0.42233000,0.42233000,0.42233000,0.42233000,0.00000000,1514524319999,0.00000000,0,0.00000000,0.00000000
1514524320000,0.42233000,0.42233000,0.42233000,0.42233000,0.00000000,1514524379999,0.00000000,0,0.00000000,0.00000000
1514524380000,0.42233000,0.42233000,0.42233000,0.42233000,0.00000000,1514524439999,0.00000000,0,0.00000000,0.00000000
1514524440000,0.42233000,0.42233000,0.42233000,0.42233000,0.00000000,1514524499999,0.00000000,0,0.00000000,0.00000000
1514524500000,0.42233000,0.42233000,0.42233000,0.42233000,0.00000000,1514524559999,0.00000000,0,0.00000000,0.00000000
1514524560000,0.42233000,0.42233000,0.42233000,0.42233000,0.00000000,1514524619999,0.00000000,0,0.00000000,0.00000000
1514524620000,0.42233000,0.42233000,0.42233000,0.42233000,0.00000000,1514524679999,0.00000000,0,0.00000000,0.00000000
1514524680000,0.42233000,0.42233000,0.42233000,0.42233000,0.00000000,1514524739999,0.00000000,0,0.00000000,0.00000000
1514524740000,0.42233000,0.42233000,0.42233000,0.42233000,0.00000000,1514524799999,0.00000000,0,0.00000000,0.00000000
1514524800000,0.42233000,0.42233000,0.42233000,0.42233000,0.00000000,1514524859999,0.00000000,0,0.00000000,0.00000000
1514524860000,0.42233000,0.42233000,0.42233000,0.42233000,0.00000000,1514524919999,0.00000000,0,0.00000000,0.00000000
1514524920000,0.42233000,0.42233000,0.42233000,0.42233000,0.00000000,1514524979999,0.00000000,0,0.00000000,0.00000000
1514524980000,0.42233000,0.42233000,0.42233000,0.42233000,0.00000000,1514525039999,0.00000000,0,0.00000000,0.00000000
1514525040000,0.42233000,0.42233000,0.42233000,0.42233000,0.00000000,1514525099999,0.00000000,0,0.00000000,0.00000000
1514525100000,0.40601000,0.40601000,0.40601000,0.40601000,3.30000000,1514525159999,1.33983300,1,0.00000000,0.00000000
1514525160000,0.42234000,0.42234000,0.42234000,0.42234000,2.15000000,1514525219999,0.90803100,1,2.15000000,0.90803100
1514525220000,0.42234000,0.42234000,0.42234000,0.42234000,0.00000000,1514525279999,0.00000000,0,0.00000000,0.00000000
1514525280000,0.42234000,0.42234000,0.42234000,0.42234000,0.00000000,1514525339999,0.00000000,0,0.00000000,0.00000000
1514525340000,0.42234000,0.42234000,0.42234000,0.42234000,0.00000000,1514525399999,0.00000000,0,0.00000000,0.00000000
1514525400000,0.42234000,0.42234000,0.42234000,0.42234000,0.00000000,1514525459999,0.00000000,0,0.00000000,0.00000000
1514525460000,0.42234000,0.42234000,0.42234000,0.42234000,0.00000000,1514525519999,0.00000000,0,0.00000000,0.00000000
1514525520000,0.42234000,0.42234000,0.42234000,0.42234000,0.00000000,1514525579999,0.00000000,0,0.00000000,0.00000000
1514525580000,0.42234000,0.42234000,0.42234000,0.42234000,0.00000000,1514525639999,0.00000000,0,0.00000000,0.00000000
1514525640000,0.42199000,0.42199000,0.42199000,0.42199000,396.97000000,1514525699999,167.51737030,1,396.97000000,167.51737030
1514525700000,0.42199000,0.42199000,0.42199000,0.42199000,0.00000000,1514525759999,0.00000000,0,0.00000000,0.00000000
1514525760000,0.42199000,0.42199000,0.42199000,0.42199000,0.00000000,1514525819999,0.00000000,0,0.00000000,0.00000000
1514525820000,0.42198000,0.42198000,0.42198000,0.42198000,0.96000000,1514525879999,0.40510080,1,0.96000000,0.40510080
1514525880000,0.42198000,0.42198000,0.42198000,0.42198000,0.00000000,1514525939999,0.00000000,0,0.00000000,0.00000000
1514525940000,0.42198000,0.42198000,0.42198000,0.42198000,0.00000000,1514525999999,0.00000000,0,0.00000000,0.00000000
1514526000000,0.42198000,0.42198000,0.42198000,0.42198000,0.00000000,1514526059999,0.00000000,0,0.00000000,0.00000000
1514526060000,0.42198000,0.42198000,0.42198000,0.42198000,0.00000000,1514526119999,0.00000000,0,0.00000000,0.00000000
1514526120000,0.42198000,0.42198000,0.42198000,0.42198000,0.00000000,1514526179999,0.00000000,0,0.00000000,0.00000000
1514526180000,0.42198000,0.42198000,0.42198000,0.42198000,0.00000000,1514526239999,0.00000000,0,0.00000000,0.00000000
1514526240000,0.42198000,0.42198000,0.42198000,0.42198000,0.00000000,1514526299999,0.00000000,0,0.00000000,0.00000000
1514526300000,0.42198000,0.42198000,0.42198000,0.42198000,0.00000000,1514526359999,0.00000000,0,0.00000000,0.00000000
1514526360000,0.42198000,0.42198000,0.42198000,0.42198000,0.00000000,1514526419999,0.00000000,0,0.00000000,0.00000000
1514526420000,0.42198000,0.42198000,0.42198000,0.42198000,0.00000000,1514526479999,0.00000000,0,0.00000000,0.00000000
1514526480000,0.42198000,0.42198000,0.42198000,0.42198000,0.00000000,1514526539999,0.00000000,0,0.00000000,0.00000000
1514526540000,0.42198000,0.42198000,0.42198000,0.42198000,0.00000000,1514526599999,0.00000000,0,0.00000000,0.00000000
1514526600000,0.42198000,0.42198000,0.42198000,0.42198000,0.00000000,1514526659999,0.00000000,0,0.00000000,0.00000000
1514526660000,0.42198000,0.42198000,0.42198000,0.42198000,0.00000000,1514526719999,0.00000000,0,0.00000000,0.00000000
1514526720000,0.42198000,0.42198000,0.42198000,0.42198000,0.00000000,1514526779999,0.00000000,0,0.00000000,0.00000000
1514526780000,0.42198000,0.42198000,0.42198000,0.42198000,0.00000000,1514526839999,0.00000000,0,0.00000000,0.00000000
1514526840000,0.42198000,0.42198000,0.42198000,0.42198000,0.00000000,1514526899999,0.00000000,0,0.00000000,0.00000000
1514526900000,0.42198000,0.42198000,0.42198000,0.42198000,0.00000000,1514526959999,0.00000000,0,0.00000000,0.00000000
1514526960000,0.42198000,0.42198000,0.42198000,0.42198000,0.00000000,1514527019999,0.00000000,0,0.00000000,0.00000000
1514527020000,0.42198000,0.42198000,0.42198000,0.42198000,0.00000000,1514527079999,0.00000000,0,0.00000000,0.00000000
1514527080000,0.42198000,0.42198000,0.42198000,0.42198000,0.00000000,1514527139999,0.00000000,0,0.00000000,0.00000000
1514527140000,0.42198000,0.42198000,0.42198000,0.42198000,0.00000000,1514527199999,0.00000000,0,0.00000000,0.00000000
1514527200000,0.42198000,0.42198000,0.42198000,0.42198000,0.00000000,1514527259999,0.00000000,0,0.00000000,0.00000000
1514527260000,0.42199000,0.42199000,0.42199000,0.42199000,0.12000000,1514527319999,0.05063880,1,0.12000000,0.05063880
1514527320000,0.42199000,0.42199000,0.42199000,0.42199000,0.00000000,1514527379999,0.00000000,0,0.00000000,0.00000000
1514527380000,0.42199000,0.42199000,0.42199000,0.42199000,0.00000000,1514527439999,0.00000000,0,0.00000000,0.00000000
1514527440000,0.42199000,0.42199000,0.42199000,0.42199000,0.00000000,1514527499999,0.00000000,0,0.00000000,0.00000000
1514527500000,0.42199000,0.42199000,0.42199000,0.42199000,0.00000000,1514527559999,0.00000000,0,0.00000000,0.00000000
1514527560000,0.42199000,0.42199000,0.42199000,0.42199000,0.00000000,1514527619999,0.00000000,0,0.00000000,0.00000000
1514527620000,0.42199000,0.42199000,0.42199000,0.42199000,0.00000000,1514527679999,0.00000000,0,0.00000000,0.00000000
1514527680000,0.42199000,0.42199000,0.42199000,0.42199000,0.00000000,1514527739999,0.00000000,0,0.00000000,0.00000000
1514527740000,0.42199000,0.42199000,0.42199000,0.42199000,0.00000000,1514527799999,0.00000000,0,0.00000000,0.00000000
1514527800000,0.42199000,0.42199000,0.42199000,0.42199000,0.00000000,1514527859999,0.00000000,0,0.00000000,0.00000000
1514527860000,0.42199000,0.42199000,0.42199000,0.42199000,0.00000000,1514527919999,0.00000000,0,0.00000000,0.00000000
1514527920000,0.42199000,0.42199000,0.42199000,0.42199000,0.00000000,1514527979999,0.00000000,0,0.00000000,0.00000000
1514527980000,0.42199000,0.42199000,0.42199000,0.42199000,0.00000000,1514528039999,0.00000000,0,0.00000000,0.00000000
1514528040000,0.42199000,0.42199000,0.42199000,0.42199000,0.00000000,1514528099999,0.00000000,0,0.00000000,0.00000000
1514528100000,0.42199000,0.42199000,0.42199000,0.42199000,0.00000000,1514528159999,0.00000000,0,0.00000000,0.00000000
1514528160000,0.42199000,0.42199000,0.42199000,0.42199000,0.00000000,1514528219999,0.00000000,0,0.00000000,0.00000000
1514528220000,0.40602000,0.40602000,0.40602000,0.40602000,9.26000000,1514528279999,3.75974520,1,0.00000000,0.00000000
1514528280000,0.40602000,0.40602000,0.40602000,0.40602000,0.00000000,1514528339999,0.00000000,0,0.00000000,0.00000000
1514528340000,0.42187000,0.42187000,0.42187000,0.42187000,0.01000000,1514528399999,0.00421870,1,0.01000000,0.00421870
1514528400000,0.42187000,0.42187000,0.42187000,0.42187000,0.00000000,1514528459999,0.00000000,0,0.00000000,0.00000000
1514528460000,0.42187000,0.42187000,0.42187000,0.42187000,0.00000000,1514528519999,0.00000000,0,0.00000000,0.00000000
1514528520000,0.42187000,0.42187000,0.42187000,0.42187000,0.00000000,1514528579999,0.00000000,0,0.00000000,0.00000000
1514528580000,0.42187000,0.42187000,0.42187000,0.42187000,0.00000000,1514528639999,0.00000000,0,0.00000000,0.00000000
1514528640000,0.42187000,0.42187000,0.42187000,0.42187000,0.00000000,1514528699999,0.00000000,0,0.00000000,0.00000000
1514528700000,0.42187000,0.42187000,0.42187000,0.42187000,0.00000000,1514528759999,0.00000000,0,0.00000000,0.00000000
1514528760000,0.42187000,0.42187000,0.42187000,0.42187000,0.00000000,1514528819999,0.00000000,0,0.00000000,0.00000000
1514528820000,0.42187000,0.42187000,0.42187000,0.42187000,0.00000000,1514528879999,0.00000000,0,0.00000000,0.00000000
1514528880000,0.42187000,0.42187000,0.42187000,0.42187000,0.00000000,1514528939999,0.00000000,0,0.00000000,0.00000000
1514528940000,0.42187000,0.42187000,0.42187000,0.42187000,0.00000000,1514528999999,0.00000000,0,0.00000000,0.00000000
1514529000000,0.42187000,0.42187000,0.42187000,0.42187000,0.00000000,1514529059999,0.00000000,0,0.00000000,0.00000000
1514529060000,0.42187000,0.42187000,0.42187000,0.42187000,0.00000000,1514529119999,0.00000000,0,0.00000000,0.00000000
1514529120000,0.42187000,0.42187000,0.42187000,0.42187000,0.00000000,1514529179999,0.00000000,0,0.00000000,0.00000000
1514529180000,0.42187000,0.42187000,0.42187000,0.42187000,0.00000000,1514529239999,0.00000000,0,0.00000000,0.00000000
1514529240000,0.42127000,0.42127000,0.42127000,0.42127000,3.00000000,1514529299999,1.26381000,1,3.00000000,1.26381000
1514529300000,0.42127000,0.42127000,0.42127000,0.42127000,0.00000000,1514529359999,0.00000000,0,0.00000000,0.00000000
1514529360000,0.42114000,0.42114000,0.42114000,0.42114000,3.00000000,1514529419999,1.26342000,1,3.00000000,1.26342000
1514529420000,0.42114000,0.42114000,0.42114000,0.42114000,0.00000000,1514529479999,0.00000000,0,0.00000000,0.00000000
1514529480000,0.42114000,0.42114000,0.42114000,0.42114000,0.00000000,1514529539999,0.00000000,0,0.00000000,0.00000000
1514529540000,0.42114000,0.42114000,0.42114000,0.42114000,0.00000000,1514529599999,0.00000000,0,0.00000000,0.00000000
1514529600000,0.42114000,0.42114000,0.42114000,0.42114000,0.00000000,1514529659999,0.00000000,0,0.00000000,0.00000000
1514529660000,0.42113000,0.42113000,0.42113000,0.42113000,8.00000000,1514529719999,3.36904000,1,8.00000000,3.36904000
1514529720000,0.42113000,0.42113000,0.42113000,0.42113000,0.00000000,1514529779999,0.00000000,0,0.00000000,0.00000000
1514529780000,0.42113000,0.42113000,0.42113000,0.42113000,0.00000000,1514529839999,0.00000000,0,0.00000000,0.00000000
1514529840000,0.42113000,0.42113000,0.42113000,0.42113000,0.00000000,1514529899999,0.00000000,0,0.00000000,0.00000000
1514529900000,0.42113000,0.42113000,0.42113000,0.42113000,0.00000000,1514529959999,0.00000000,0,0.00000000,0.00000000
1514529960000,0.42113000,0.42113000,0.42113000,0.42113000,0.00000000,1514530019999,0.00000000,0,0.00000000,0.00000000
1514530020000,0.42113000,0.42113000,0.42113000,0.42113000,0.00000000,1514530079999,0.00000000,0,0.00000000,0.00000000
1514530080000,0.42113000,0.42113000,0.42113000,0.42113000,0.00000000,1514530139999,0.00000000,0,0.00000000,0.00000000
1514530140000,0.42113000,0.42113000,0.42113000,0.42113000,0.00000000,1514530199999,0.00000000,0,0.00000000,0.00000000
1514530200000,0.42113000,0.42113000,0.42113000,0.42113000,0.00000000,1514530259999,0.00000000,0,0.00000000,0.00000000
1514530260000,0.42113000,0.42113000,0.42113000,0.42113000,0.00000000,1514530319999,0.00000000,0,0.00000000,0.00000000
1514530320000,0.42113000,0.42113000,0.42113000,0.42113000,0.00000000,1514530379999,0.00000000,0,0.00000000,0.00000000
1514530380000,0.42113000,0.42113000,0.42113000,0.42113000,0.00000000,1514530439999,0.00000000,0,0.00000000,0.00000000
1514530440000,0.42113000,0.42113000,0.42113000,0.42113000,0.00000000,1514530499999,0.00000000,0,0.00000000,0.00000000
1514530500000,0.42113000,0.42113000,0.42113000,0.42113000,0.00000000,1514530559999,0.00000000,0,0.00000000,0.00000000
1514530560000,0.42113000,0.42113000,0.42113000,0.42113000,0.00000000,1514530619999,0.00000000,0,0.00000000,0.00000000
1514530620000,0.40601000,0.40601000,0.40601000,0.40601000,14.72000000,1514530679999,5.97646720,1,0.00000000,0.00000000
1514530680000,0.40601000,0.40601000,0.40601000,0.40601000,65.13000000,1514530739999,26.44343130,3,28.44000000,11.54692440
1514530740000,0.40601000,0.40601000,0.40601000,0.40601000,0.00000000,1514530799999,0.00000000,0,0.00000000,0.00000000
1514530800000,0.40601000,0.40601000,0.40601000,0.40601000,0.00000000,1514530859999,0.00000000,0,0.00000000,0.00000000
1514530860000,0.40601000,0.40601000,0.40601000,0.40601000,0.00000000,1514530919999,0.00000000,0,0.00000000,0.00000000
1514530920000,0.40601000,0.40601000,0.40601000,0.40601000,0.00000000,1514530979999,0.00000000,0,0.00000000,0.00000000
1514530980000,0.40601000,0.40601000,0.40601000,0.40601000,0.00000000,1514531039999,0.00000000,0,0.00000000,0.00000000
1514531040000,0.40601000,0.40601000,0.40601000,0.40601000,0.00000000,1514531099999,0.00000000,0,0.00000000,0.00000000
1514531100000,0.40601000,0.40601000,0.40601000,0.40601000,0.00000000,1514531159999,0.00000000,0,0.00000000,0.00000000
1514531160000,0.40601000,0.40601000,0.40601000,0.40601000,0.00000000,1514531219999,0.00000000,0,0.00000000,0.00000000
1514531220000,0.40601000,0.40601000,0.40601000,0.40601000,0.00000000,1514531279999,0.00000000,0,0.00000000,0.00000000
1514531280000,0.40601000,0.40601000,0.40601000,0.40601000,0.00000000,1514531339999,0.00000000,0,0.00000000,0.00000000
1514531340000,0.40601000,0.40601000,0.40601000,0.40601000,0.00000000,1514531399999,0.00000000,0,0.00000000,0.00000000
1514531400000,0.40601000,0.40601000,0.40601000,0.40601000,0.00000000,1514531459999,0.00000000,0,0.00000000,0.00000000
1514531460000,0.40601000,0.40601000,0.40601000,0.40601000,0.00000000,1514531519999,0.00000000,0,0.00000000,0.00000000
1514531520000,0.40601000,0.40601000,0.40601000,0.40601000,0.00000000,1514531579999,0.00000000,0,0.00000000,0.00000000
1514531580000,0.40615000,0.40615000,0.40615000,0.40615000,3.00000000,1514531639999,1.21845000,1,0.00000000,0.00000000
1514531640000,0.40615000,0.40615000,0.40615000,0.40615000,0.00000000,1514531699999,0.00000000,0,0.00000000,0.00000000
1514531700000,0.40615000,0.40615000,0.40615000,0.40615000,0.00000000,1514531759999,0.00000000,0,0.00000000,0.00000000
1514531760000,0.40615000,0.40615000,0.40615000,0.40615000,0.00000000,1514531819999,0.00000000,0,0.00000000,0.00000000
1514531820000,0.40615000,0.40615000,0.40615000,0.40615000,0.00000000,1514531879999,0.00000000,0,0.00000000,0.00000000
1514531880000,0.40615000,0.40615000,0.40615000,0.40615000,0.00000000,1514531939999,0.00000000,0,0.00000000,0.00000000
1514531940000,0.40615000,0.40615000,0.40615000,0.40615000,0.00000000,1514531999999,0.00000000,0,0.00000000,0.00000000
1514532000000,0.40615000,0.40615000,0.40615000,0.40615000,0.00000000,1514532059999,0.00000000,0,0.00000000,0.00000000
1514532060000,0.40615000,0.40615000,0.40615000,0.40615000,0.00000000,1514532119999,0.00000000,0,0.00000000,0.00000000
1514532120000,0.42102000,0.42102000,0.42102000,0.42102000,0.01000000,1514532179999,0.00421020,1,0.01000000,0.00421020
1514532180000,0.42102000,0.42102000,0.42102000,0.42102000,0.00000000,1514532239999,0.00000000,0,0.00000000,0.00000000
1514532240000,0.42102000,0.42102000,0.42102000,0.42102000,0.00000000,1514532299999,0.00000000,0,0.00000000,0.00000000
1514532300000,0.42102000,0.42102000,0.42102000,0.42102000,0.00000000,1514532359999,0.00000000,0,0.00000000,0.00000000
1514532360000,0.42102000,0.42102000,0.42102000,0.42102000,0.00000000,1514532419999,0.00000000,0,0.00000000,0.00000000
1514532420000,0.42102000,0.42102000,0.42102000,0.42102000,0.00000000,1514532479999,0.00000000,0,0.00000000,0.00000000
1514532480000,0.42102000,0.42102000,0.42102000,0.42102000,0.00000000,1514532539999,0.00000000,0,0.00000000,0.00000000
1514532540000,0.41500000,0.41500000,0.41500000,0.41500000,3.02000000,1514532599999,1.25330000,1,0.00000000,0.00000000
1514532600000,0.41500000,0.41500000,0.41500000,0.41500000,0.00000000,1514532659999,0.00000000,0,0.00000000,0.00000000
1514532660000,0.41500000,0.41500000,0.41500000,0.41500000,0.00000000,1514532719999,0.00000000,0,0.00000000,0.00000000
1514532720000,0.41500000,0.41500000,0.41500000,0.41500000,0.00000000,1514532779999,0.00000000,0,0.00000000,0.00000000
1514532780000,0.41500000,0.41500000,0.41500000,0.41500000,0.00000000,1514532839999,0.00000000,0,0.00000000,0.00000000
1514532840000,0.41500000,0.41500000,0.41500000,0.41500000,0.00000000,1514532899999,0.00000000,0,0.00000000,0.00000000
1514532900000,0.41500000,0.41500000,0.41500000,0.41500000,0.00000000,1514532959999,0.00000000,0,0.00000000,0.00000000
1514532960000,0.41500000,0.41500000,0.41500000,0.41500000,0.00000000,1514533019999,0.00000000,0,0.00000000,0.00000000
1514533020000,0.41500000,0.41500000,0.41500000,0.41500000,0.00000000,1514533079999,0.00000000,0,0.00000000,0.00000000
1514533080000,0.41500000,0.41500000,0.41500000,0.41500000,0.00000000,1514533139999,0.00000000,0,0.00000000,0.00000000
1514533140000,0.41500000,0.41500000,0.41500000,0.41500000,0.00000000,1514533199999,0.00000000,0,0.00000000,0.00000000
1514533200000,0.41500000,0.41500000,0.41500000,0.41500000,0.00000000,1514533259999,0.00000000,0,0.00000000,0.00000000
1514533260000,0.41500000,0.41500000,0.41500000,0.41500000,0.00000000,1514533319999,0.00000000,0,0.00000000,0.00000000
1514533320000,0.41500000,0.41500000,0.41500000,0.41500000,0.00000000,1514533379999,0.00000000,0,0.00000000,0.00000000
1514533380000,0.41500000,0.41500000,0.41500000,0.41500000,0.00000000,1514533439999,0.00000000,0,0.00000000,0.00000000
1514533440000,0.41500000,0.41500000,0.41500000,0.41500000,5.00000000,1514533499999,2.07500000,1,0.00000000,0.00000000
1514533500000,0.41500000,0.41500000,0.41500000,0.41500000,0.00000000,1514533559999,0.00000000,0,0.00000000,0.00000000
1514533560000,0.41500000,0.41500000,0.41500000,0.41500000,5.00000000,1514533619999,2.07500000,1,0.00000000,0.00000000
1514533620000,0.40609000,0.40609000,0.40609000,0.40609000,1.18000000,1514533679999,0.47918620,1,0.00000000,0.00000000
1514533680000,0.40609000,0.40609000,0.40609000,0.40609000,0.00000000,1514533739999,0.00000000,0,0.00000000,0.00000000
1514533740000,0.40609000,0.40609000,0.40609000,0.40609000,0.00000000,1514533799999,0.00000000,0,0.00000000,0.00000000
1514533800000,0.40609000,0.40609000,0.40609000,0.40609000,0.00000000,1514533859999,0.00000000,0,0.00000000,0.00000000
1514533860000,0.40609000,0.40609000,0.40609000,0.40609000,0.00000000,1514533919999,0.00000000,0,0.00000000,0.00000000
1514533920000,0.40609000,0.40609000,0.40609000,0.40609000,0.00000000,1514533979999,0.00000000,0,0.00000000,0.00000000
1514533980000,0.40609000,0.40609000,0.40609000,0.40609000,0.00000000,1514534039999,0.00000000,0,0.00000000,0.00000000
1514534040000,0.40609000,0.40609000,0.40609000,0.40609000,0.00000000,1514534099999,0.00000000,0,0.00000000,0.00000000
1514534100000,0.40609000,0.40609000,0.40609000,0.40609000,0.00000000,1514534159999,0.00000000,0,0.00000000,0.00000000
1514534160000,0.40609000,0.40609000,0.40609000,0.40609000,0.00000000,1514534219999,0.00000000,0,0.00000000,0.00000000
1514534220000,0.40609000,0.40609000,0.40609000,0.40609000,0.00000000,1514534279999,0.00000000,0,0.00000000,0.00000000
1514534280000,0.40609000,0.40609000,0.40609000,0.40609000,0.00000000,1514534339999,0.00000000,0,0.00000000,0.00000000
1514534340000,0.40609000,0.40609000,0.40609000,0.40609000,0.00000000,1514534399999,0.00000000,0,0.00000000,0.00000000
1514534400000,0.40609000,0.40609000,0.40609000,0.40609000,0.00000000,1514534459999,0.00000000,0,0.00000000,0.00000000
1514534460000,0.40609000,0.40609000,0.40609000,0.40609000,0.00000000,1514534519999,0.00000000,0,0.00000000,0.00000000
1514534520000,0.40609000,0.40609000,0.40609000,0.40609000,0.00000000,1514534579999,0.00000000,0,0.00000000,0.00000000
1514534580000,0.40609000,0.40609000,0.40609000,0.40609000,0.00000000,1514534639999,0.00000000,0,0.00000000,0.00000000
1514534640000,0.40609000,0.40609000,0.40609000,0.40609000,0.00000000,1514534699999,0.00000000,0,0.00000000,0.00000000
1514534700000,0.40609000,0.40609000,0.40609000,0.40609000,0.00000000,1514534759999,0.00000000,0,0.00000000,0.00000000
1514534760000,0.40609000,0.40609000,0.40609000,0.40609000,0.00000000,1514534819999,0.00000000,0,0.00000000,0.00000000
1514534820000,0.40609000,0.40609000,0.40609000,0.40609000,0.00000000,1514534879999,0.00000000,0,0.00000000,0.00000000
1514534880000,0.40609000,0.40609000,0.40609000,0.40609000,0.00000000,1514534939999,0.00000000,0,0.00000000,0.00000000
1514534940000,0.40609000,0.40609000,0.40609000,0.40609000,0.00000000,1514534999999,0.00000000,0,0.00000000,0.00000000
1514535000000,0.40609000,0.40609000,0.40609000,0.40609000,0.00000000,1514535059999,0.00000000,0,0.00000000,0.00000000
1514535060000,0.40609000,0.40609000,0.40609000,0.40609000,0.00000000,1514535119999,0.00000000,0,0.00000000,0.00000000
1514535120000,0.40609000,0.40609000,0.40609000,0.40609000,0.00000000,1514535179999,0.00000000,0,0.00000000,0.00000000
1514535180000,0.40609000,0.40609000,0.40609000,0.40609000,0.00000000,1514535239999,0.00000000,0,0.00000000,0.00000000
1514535240000,0.42000000,0.42234000,0.42000000,0.42234000,161.93000000,1514535299999,68.25522020,11,157.40000000,66.34754660
1514535300000,0.42234000,0.42234000,0.42234000,0.42234000,79.00000000,1514535359999,33.36486000,1,79.00000000,33.36486000
1514535360000,0.42234000,0.42235000,0.42234000,0.42235000,27.25000000,1514535419999,11.50903180,2,27.25000000,11.50903180
1514535420000,0.43500000,0.43500000,0.43500000,0.43500000,18.00000000,1514535479999,7.83000000,1,18.00000000,7.83000000
1514535480000,0.43500000,0.43500000,0.43500000,0.43500000,0.00000000,1514535539999,0.00000000,0,0.00000000,0.00000000
1514535540000,0.43500000,0.43500000,0.43500000,0.43500000,0.00000000,1514535599999,0.00000000,0,0.00000000,0.00000000
1514535600000,0.43500000,0.43500000,0.43500000,0.43500000,0.00000000,1514535659999,0.00000000,0,0.00000000,0.00000000
1514535660000,0.43500000,0.43500000,0.43500000,0.43500000,0.00000000,1514535719999,0.00000000,0,0.00000000,0.00000000
1514535720000,0.43500000,0.43500000,0.43500000,0.43500000,0.00000000,1514535779999,0.00000000,0,0.00000000,0.00000000
1514535780000,0.42235000,0.42235000,0.42235000,0.42235000,8.00000000,1514535839999,3.37880000,3,0.00000000,0.00000000
1514535840000,0.42235000,0.42235000,0.42235000,0.42235000,0.00000000,1514535899999,0.00000000,0,0.00000000,0.00000000
1514535900000,0.42235000,0.42235000,0.42235000,0.42235000,0.00000000,1514535959999,0.00000000,0,0.00000000,0.00000000
1514535960000,0.42235000,0.42235000,0.42235000,0.42235000,0.00000000,1514536019999,0.00000000,0,0.00000000,0.00000000
1514536020000,0.42235000,0.42235000,0.42235000,0.42235000,0.00000000,1514536079999,0.00000000,0,0.00000000,0.00000000
1514536080000,0.42235000,0.42235000,0.42235000,0.42235000,0.00000000,1514536139999,0.00000000,0,0.00000000,0.00000000
1514536140000,0.42235000,0.42235000,0.42235000,0.42235000,0.00000000,1514536199999,0.00000000,0,0.00000000,0.00000000
1514536200000,0.42235000,0.43499000,0.42235000,0.43499000,58.52000000,1514536259999,25.39747080,2,58.52000000,25.39747080
1514536260000,0.43499000,0.43499000,0.43499000,0.43499000,0.00000000,1514536319999,0.00000000,0,0.00000000,0.00000000
1514536320000,0.43499000,0.43499000,0.43499000,0.43499000,0.00000000,1514536379999,0.00000000,0,0.00000000,0.00000000
1514536380000,0.43499000,0.43499000,0.43499000,0.43499000,0.00000000,1514536439999,0.00000000,0,0.00000000,0.00000000
1514536440000,0.43499000,0.43499000,0.43499000,0.43499000,0.00000000,1514536499999,0.00000000,0,0.00000000,0.00000000
1514536500000,0.43499000,0.43499000,0.43499000,0.43499000,0.00000000,1514536559999,0.00000000,0,0.00000000,0.00000000
1514536560000,0.43499000,0.43499000,0.43499000,0.43499000,0.00000000,1514536619999,0.00000000,0,0.00000000,0.00000000
1514536620000,0.43499000,0.43499000,0.43499000,0.43499000,0.00000000,1514536679999,0.00000000,0,0.00000000,0.00000000
1514536680000,0.43499000,0.43499000,0.43499000,0.43499000,0.00000000,1514536739999,0.00000000,0,0.00000000,0.00000000
1514536740000,0.43499000,0.43499000,0.43499000,0.43499000,0.00000000,1514536799999,0.00000000,0,0.00000000,0.00000000
1514536800000,0.43499000,0.43499000,0.43499000,0.43499000,0.00000000,1514536859999,0.00000000,0,0.00000000,0.00000000
1514536860000,0.43476000,0.43476000,0.43476000,0.43476000,13.00000000,1514536919999,5.65188000,1,13.00000000,5.65188000
1514536920000,0.43476000,0.43476000,0.43476000,0.43476000,0.00000000,1514536979999,0.00000000,0,0.00000000,0.00000000
1514536980000,0.43476000,0.43476000,0.43476000,0.43476000,0.00000000,1514537039999,0.00000000,0,0.00000000,0.00000000
1514537040000,0.43476000,0.43476000,0.43476000,0.43476000,0.00000000,1514537099999,0.00000000,0,0.00000000,0.00000000
1514537100000,0.41000000,0.41000000,0.40639000,0.40639000,40.00000000,1514537159999,16.26534700,2,0.00000000,0.00000000
1514537160000,0.40639000,0.40639000,0.40639000,0.40639000,0.00000000,1514537219999,0.00000000,0,0.00000000,0.00000000
1514537220000,0.40639000,0.40639000,0.40639000,0.40639000,0.00000000,1514537279999,0.00000000,0,0.00000000,0.00000000
1514537280000,0.40639000,0.40639000,0.40639000,0.40639000,0.00000000,1514537339999,0.00000000,0,0.00000000,0.00000000
1514537340000,0.40639000,0.40639000,0.40639000,0.40639000,0.00000000,1514537399999,0.00000000,0,0.00000000,0.00000000
1514537400000,0.40639000,0.40639000,0.40639000,0.40639000,0.00000000,1514537459999,0.00000000,0,0.00000000,0.00000000
1514537460000,0.40639000,0.40639000,0.40639000,0.40639000,0.00000000,1514537519999,0.00000000,0,0.00000000,0.00000000
1514537520000,0.40639000,0.40639000,0.40639000,0.40639000,0.00000000,1514537579999,0.00000000,0,0.00000000,0.00000000
1514537580000,0.40639000,0.40639000,0.40639000,0.40639000,0.00000000,1514537639999,0.00000000,0,0.00000000,0.00000000
1514537640000,0.40639000,0.40639000,0.40639000,0.40639000,0.00000000,1514537699999,0.00000000,0,0.00000000,0.00000000
1514537700000,0.40639000,0.40639000,0.40639000,0.40639000,3.00000000,1514537759999,1.21917000,1,0.00000000,0.00000000
1514537760000,0.40639000,0.40639000,0.40639000,0.40639000,0.00000000,1514537819999,0.00000000,0,0.00000000,0.00000000
1514537820000,0.40639000,0.40639000,0.40639000,0.40639000,0.00000000,1514537879999,0.00000000,0,0.00000000,0.00000000
1514537880000,0.40639000,0.40639000,0.40639000,0.40639000,0.00000000,1514537939999,0.00000000,0,0.00000000,0.00000000
1514537940000,0.40639000,0.40639000,0.40639000,0.40639000,0.00000000,1514537999999,0.00000000,0,0.00000000,0.00000000
1514538000000,0.40639000,0.40639000,0.40639000,0.40639000,0.00000000,1514538059999,0.00000000,0,0.00000000,0.00000000
1514538060000,0.40639000,0.40639000,0.40639000,0.40639000,0.00000000,1514538119999,0.00000000,0,0.00000000,0.00000000
1514538120000,0.40639000,0.40639000,0.40639000,0.40639000,0.00000000,1514538179999,0.00000000,0,0.00000000,0.00000000
1514538180000,0.40639000,0.40639000,0.40639000,0.40639000,0.00000000,1514538239999,0.00000000,0,0.00000000,0.00000000
1514538240000,0.40639000,0.40639000,0.40639000,0.40639000,0.00000000,1514538299999,0.00000000,0,0.00000000,0.00000000
1514538300000,0.40639000,0.40639000,0.40639000,0.40639000,0.00000000,1514538359999,0.00000000,0,0.00000000,0.00000000
1514538360000,0.40639000,0.40639000,0.40639000,0.40639000,0.00000000,1514538419999,0.00000000,0,0.00000000,0.00000000
1514538420000,0.40639000,0.40639000,0.40639000,0.40639000,0.00000000,1514538479999,0.00000000,0,0.00000000,0.00000000
1514538480000,0.40639000,0.40639000,0.40639000,0.40639000,0.00000000,1514538539999,0.00000000,0,0.00000000,0.00000000
1514538540000,0.40639000,0.40639000,0.40639000,0.40639000,0.00000000,1514538599999,0.00000000,0,0.00000000,0.00000000
1514538600000,0.40639000,0.40639000,0.40639000,0.40639000,0.00000000,1514538659999,0.00000000,0,0.00000000,0.00000000
1514538660000,0.40639000,0.40639000,0.40639000,0.40639000,0.00000000,1514538719999,0.00000000,0,0.00000000,0.00000000
1514538720000,0.40639000,0.40639000,0.40639000,0.40639000,0.00000000,1514538779999,0.00000000,0,0.00000000,0.00000000
1514538780000,0.40639000,0.40639000,0.40639000,0.40639000,0.00000000,1514538839999,0.00000000,0,0.00000000,0.00000000
1514538840000,0.40639000,0.40639000,0.40639000,0.40639000,0.00000000,1514538899999,0.00000000,0,0.00000000,0.00000000
1514538900000,0.40639000,0.40639000,0.40639000,0.40639000,0.00000000,1514538959999,0.00000000,0,0.00000000,0.00000000
1514538960000,0.40639000,0.40639000,0.40639000,0.40639000,0.00000000,1514539019999,0.00000000,0,0.00000000,0.00000000
1514539020000,0.40639000,0.40639000,0.40639000,0.40639000,0.00000000,1514539079999,0.00000000,0,0.00000000,0.00000000
1514539080000,0.42656000,0.42656000,0.42656000,0.42656000,10.00000000,1514539139999,4.26560000,1,10.00000000,4.26560000
1514539140000,0.41800000,0.41800000,0.41220000,0.41220000,67.92000000,1514539199999,28.37362400,3,0.00000000,0.00000000
1514539200000,0.41220000,0.41220000,0.41220000,0.41220000,0.00000000,1514539259999,0.00000000,0,0.00000000,0.00000000
1514539260000,0.41220000,0.41220000,0.41220000,0.41220000,0.00000000,1514539319999,0.00000000,0,0.00000000,0.00000000
1514539320000,0.41220000,0.41220000,0.41220000,0.41220000,0.00000000,1514539379999,0.00000000,0,0.00000000,0.00000000
1514539380000,0.41220000,0.41220000,0.41220000,0.41220000,0.00000000,1514539439999,0.00000000,0,0.00000000,0.00000000
1514539440000,0.41220000,0.41220000,0.41220000,0.41220000,0.00000000,1514539499999,0.00000000,0,0.00000000,0.00000000
1514539500000,0.41220000,0.41220000,0.41220000,0.41220000,0.00000000,1514539559999,0.00000000,0,0.00000000,0.00000000
1514539560000,0.41220000,0.41220000,0.41220000,0.41220000,0.00000000,1514539619999,0.00000000,0,0.00000000,0.00000000
1514539620000,0.41220000,0.41220000,0.41220000,0.41220000,0.00000000,1514539679999,0.00000000,0,0.00000000,0.00000000
1514539680000,0.41220000,0.41220000,0.41220000,0.41220000,0.00000000,1514539739999,0.00000000,0,0.00000000,0.00000000
1514539740000,0.41799000,0.41799000,0.41799000,0.41799000,2.46000000,1514539799999,1.02825540,1,2.46000000,1.02825540
1514539800000,0.41799000,0.41799000,0.41799000,0.41799000,0.00000000,1514539859999,0.00000000,0,0.00000000,0.00000000
1514539860000,0.41799000,0.41800000,0.41799000,0.41800000,54.36000000,1514539919999,22.72235670,2,54.36000000,22.72235670
1514539920000,0.41800000,0.41800000,0.41800000,0.41800000,0.00000000,1514539979999,0.00000000,0,0.00000000,0.00000000
1514539980000,0.41800000,0.41800000,0.41800000,0.41800000,0.00000000,1514540039999,0.00000000,0,0.00000000,0.00000000
1514540040000,0.41800000,0.41800000,0.41800000,0.41800000,0.00000000,1514540099999,0.00000000,0,0.00000000,0.00000000
1514540100000,0.41800000,0.41800000,0.41800000,0.41800000,1.00000000,1514540159999,0.41800000,1,1.00000000,0.41800000
1514540160000,0.41800000,0.41800000,0.41800000,0.41800000,0.00000000,1514540219999,0.00000000,0,0.00000000,0.00000000
1514540220000,0.41800000,0.41800000,0.41800000,0.41800000,1.00000000,1514540279999,0.41800000,1,1.00000000,0.41800000
1514540280000,0.41800000,0.41800000,0.41800000,0.41800000,0.00000000,1514540339999,0.00000000,0,0.00000000,0.00000000
1514540340000,0.41800000,0.41800000,0.41800000,0.41800000,0.00000000,1514540399999,0.00000000,0,0.00000000,0.00000000
1514540400000,0.41800000,0.41800000,0.41800000,0.41800000,0.00000000,1514540459999,0.00000000,0,0.00000000,0.00000000
1514540460000,0.41800000,0.41800000,0.41800000,0.41800000,0.00000000,1514540519999,0.00000000,0,0.00000000,0.00000000
1514540520000,0.41800000,0.41800000,0.41800000,0.41800000,0.00000000,1514540579999,0.00000000,0,0.00000000,0.00000000
1514540580000,0.41800000,0.41800000,0.41800000,0.41800000,0.00000000,1514540639999,0.00000000,0,0.00000000,0.00000000
1514540640000,0.41800000,0.41800000,0.41800000,0.41800000,0.00000000,1514540699999,0.00000000,0,0.00000000,0.00000000
1514540700000,0.41800000,0.41800000,0.41800000,0.41800000,2.37000000,1514540759999,0.99066000,1,2.37000000,0.99066000
1514540760000,0.40601000,0.40601000,0.40601000,0.40601000,2.37000000,1514540819999,0.96224370,1,0.00000000,0.00000000
1514540820000,0.40601000,0.40601000,0.40601000,0.40601000,0.00000000,1514540879999,0.00000000,0,0.00000000,0.00000000
1514540880000,0.40601000,0.40601000,0.40601000,0.40601000,0.00000000,1514540939999,0.00000000,0,0.00000000,0.00000000
1514540940000,0.40601000,0.40601000,0.40601000,0.40601000,0.00000000,1514540999999,0.00000000,0,0.00000000,0.00000000
1514541000000,0.40601000,0.40601000,0.40601000,0.40601000,0.00000000,1514541059999,0.00000000,0,0.00000000,0.00000000
1514541060000,0.40601000,0.40601000,0.40601000,0.40601000,0.00000000,1514541119999,0.00000000,0,0.00000000,0.00000000
1514541120000,0.40601000,0.40601000,0.40601000,0.40601000,0.00000000,1514541179999,0.00000000,0,0.00000000,0.00000000
1514541180000,0.40601000,0.40601000,0.40601000,0.40601000,0.00000000,1514541239999,0.00000000,0,0.00000000,0.00000000
1514541240000,0.40601000,0.40601000,0.40601000,0.40601000,0.00000000,1514541299999,0.00000000,0,0.00000000,0.00000000
1514541300000,0.40601000,0.40601000,0.40601000,0.40601000,0.00000000,1514541359999,0.00000000,0,0.00000000,0.00000000
1514541360000,0.40601000,0.40601000,0.40601000,0.40601000,0.00000000,1514541419999,0.00000000,0,0.00000000,0.00000000
1514541420000,0.40601000,0.40601000,0.40601000,0.40601000,0.00000000,1514541479999,0.00000000,0,0.00000000,0.00000000
1514541480000,0.40601000,0.40601000,0.40601000,0.40601000,0.00000000,1514541539999,0.00000000,0,0.00000000,0.00000000
1514541540000,0.40601000,0.40601000,0.40601000,0.40601000,0.00000000,1514541599999,0.00000000,0,0.00000000,0.00000000
1514541600000,0.40601000,0.40601000,0.40601000,0.40601000,0.00000000,1514541659999,0.00000000,0,0.00000000,0.00000000
1514541660000,0.40601000,0.40601000,0.40601000,0.40601000,0.00000000,1514541719999,0.00000000,0,0.00000000,0.00000000
1514541720000,0.40601000,0.40601000,0.40601000,0.40601000,0.00000000,1514541779999,0.00000000,0,0.00000000,0.00000000
1514541780000,0.40601000,0.40601000,0.40601000,0.40601000,0.00000000,1514541839999,0.00000000,0,0.00000000,0.00000000
1514541840000,0.40601000,0.40601000,0.40601000,0.40601000,0.00000000,1514541899999,0.00000000,0,0.00000000,0.00000000
1514541900000,0.40602000,0.40602000,0.40602000,0.40602000,1.00000000,1514541959999,0.40602000,1,0.00000000,0.00000000
1514541960000,0.40602000,0.40602000,0.40602000,0.40602000,0.00000000,1514542019999,0.00000000,0,0.00000000,0.00000000
1514542020000,0.40602000,0.40602000,0.40602000,0.40602000,0.00000000,1514542079999,0.00000000,0,0.00000000,0.00000000
1514542080000,0.40602000,0.40602000,0.40602000,0.40602000,0.00000000,1514542139999,0.00000000,0,0.00000000,0.00000000
1514542140000,0.40602000,0.40602000,0.40602000,0.40602000,0.00000000,1514542199999,0.00000000,0,0.00000000,0.00000000
1514542200000,0.40602000,0.40602000,0.40602000,0.40602000,0.00000000,1514542259999,0.00000000,0,0.00000000,0.00000000
1514542260000,0.41800000,0.41800000,0.41800000,0.41800000,18.00000000,1514542319999,7.52400000,1,18.00000000,7.52400000
1514542320000,0.41800000,0.41800000,0.41800000,0.41800000,0.00000000,1514542379999,0.00000000,0,0.00000000,0.00000000
1514542380000,0.41800000,0.41800000,0.41800000,0.41800000,0.00000000,1514542439999,0.00000000,0,0.00000000,0.00000000
1514542440000,0.41800000,0.41800000,0.41800000,0.41800000,38.28000000,1514542499999,16.00104000,3,0.63000000,0.26334000
1514542500000,0.41800000,0.41800000,0.41800000,0.41800000,0.00000000,1514542559999,0.00000000,0,0.00000000,0.00000000
1514542560000,0.40615000,0.40615000,0.40615000,0.40615000,48.60000000,1514542619999,19.73889000,1,0.00000000,0.00000000
1514542620000,0.40615000,0.40615000,0.40615000,0.40615000,0.00000000,1514542679999,0.00000000,0,0.00000000,0.00000000
1514542680000,0.40615000,0.40615000,0.40615000,0.40615000,0.00000000,1514542739999,0.00000000,0,0.00000000,0.00000000
1514542740000,0.40615000,0.40615000,0.40615000,0.40615000,0.00000000,1514542799999,0.00000000,0,0.00000000,0.00000000
1514542800000,0.40615000,0.40615000,0.40615000,0.40615000,0.00000000,1514542859999,0.00000000,0,0.00000000,0.00000000
1514542860000,0.40601000,0.40601000,0.40601000,0.40601000,0.22000000,1514542919999,0.08932220,1,0.00000000,0.00000000
1514542920000,0.40601000,0.40601000,0.40601000,0.40601000,0.00000000,1514542979999,0.00000000,0,0.00000000,0.00000000
1514542980000,0.40601000,0.40601000,0.40601000,0.40601000,0.00000000,1514543039999,0.00000000,0,0.00000000,0.00000000
1514543040000,0.40601000,0.40601000,0.40601000,0.40601000,0.00000000,1514543099999,0.00000000,0,0.00000000,0.00000000
1514543100000,0.40601000,0.40601000,0.40601000,0.40601000,0.00000000,1514543159999,0.00000000,0,0.00000000,0.00000000
1514543160000,0.40601000,0.40601000,0.40601000,0.40601000,1513.52000000,1514543219999,614.50425520,2,1503.99000000,610.63497990
1514543220000,0.40601000,0.40601000,0.40601000,0.40601000,0.00000000,1514543279999,0.00000000,0,0.00000000,0.00000000
1514543280000,0.40601000,0.40601000,0.40601000,0.40601000,0.00000000,1514543339999,0.00000000,0,0.00000000,0.00000000
1514543340000,0.40601000,0.40601000,0.40601000,0.40601000,0.00000000,1514543399999,0.00000000,0,0.00000000,0.00000000
1514543400000,0.40601000,0.40601000,0.40601000,0.40601000,0.00000000,1514543459999,0.00000000,0,0.00000000,0.00000000
1514543460000,0.40601000,0.40601000,0.40601000,0.40601000,0.00000000,1514543519999,0.00000000,0,0.00000000,0.00000000
1514543520000,0.40601000,0.40601000,0.40601000,0.40601000,0.00000000,1514543579999,0.00000000,0,0.00000000,0.00000000
1514543580000,0.40601000,0.40601000,0.40601000,0.40601000,0.00000000,1514543639999,0.00000000,0,0.00000000,0.00000000
1514543640000,0.40601000,0.40601000,0.40601000,0.40601000,0.00000000,1514543699999,0.00000000,0,0.00000000,0.00000000
1514543700000,0.40601000,0.40601000,0.40601000,0.40601000,0.00000000,1514543759999,0.00000000,0,0.00000000,0.00000000
1514543760000,0.40601000,0.40601000,0.40601000,0.40601000,0.00000000,1514543819999,0.00000000,0,0.00000000,0.00000000
1514543820000,0.40601000,0.40601000,0.40601000,0.40601000,0.00000000,1514543879999,0.00000000,0,0.00000000,0.00000000
1514543880000,0.40601000,0.40601000,0.40601000,0.40601000,0.00000000,1514543939999,0.00000000,0,0.00000000,0.00000000
1514543940000,0.40601000,0.40601000,0.40601000,0.40601000,0.00000000,1514543999999,0.00000000,0,0.00000000,0.00000000
1514544000000,0.40601000,0.40601000,0.40601000,0.40601000,0.00000000,1514544059999,0.00000000,0,0.00000000,0.00000000
1514544060000,0.40601000,0.40601000,0.40601000,0.40601000,0.00000000,1514544119999,0.00000000,0,0.00000000,0.00000000
1514544120000,0.40601000,0.40601000,0.40601000,0.40601000,0.00000000,1514544179999,0.00000000,0,0.00000000,0.00000000
1514544180000,0.40601000,0.40601000,0.40601000,0.40601000,0.00000000,1514544239999,0.00000000,0,0.00000000,0.00000000
1514544240000,0.40601000,0.40601000,0.40601000,0.40601000,0.00000000,1514544299999,0.00000000,0,0.00000000,0.00000000
1514544300000,0.40601000,0.40601000,0.40601000,0.40601000,0.00000000,1514544359999,0.00000000,0,0.00000000,0.00000000
1514544360000,0.40601000,0.40601000,0.40601000,0.40601000,0.00000000,1514544419999,0.00000000,0,0.00000000,0.00000000
1514544420000,0.40601000,0.40601000,0.40601000,0.40601000,0.00000000,1514544479999,0.00000000,0,0.00000000,0.00000000
1514544480000,0.40601000,0.40601000,0.40601000,0.40601000,0.00000000,1514544539999,0.00000000,0,0.00000000,0.00000000
1514544540000,0.40601000,0.40601000,0.40601000,0.40601000,0.00000000,1514544599999,0.00000000,0,0.00000000,0.00000000
1514544600000,0.40601000,0.40601000,0.40601000,0.40601000,0.00000000,1514544659999,0.00000000,0,0.00000000,0.00000000
1514544660000,0.40601000,0.40601000,0.40601000,0.40601000,0.00000000,1514544719999,0.00000000,0,0.00000000,0.00000000
1514544720000,0.40603000,0.40603000,0.40603000,0.40603000,12.00000000,1514544779999,4.87236000,1,0.00000000,0.00000000
1514544780000,0.40603000,0.40603000,0.40603000,0.40603000,0.00000000,1514544839999,0.00000000,0,0.00000000,0.00000000
1514544840000,0.40603000,0.40603000,0.40603000,0.40603000,0.00000000,1514544899999,0.00000000,0,0.00000000,0.00000000
1514544900000,0.40603000,0.40603000,0.40603000,0.40603000,0.00000000,1514544959999,0.00000000,0,0.00000000,0.00000000
1514544960000,0.40603000,0.40603000,0.40603000,0.40603000,0.00000000,1514545019999,0.00000000,0,0.00000000,0.00000000
1514545020000,0.40603000,0.40603000,0.40603000,0.40603000,0.00000000,1514545079999,0.00000000,0,0.00000000,0.00000000
1514545080000,0.40603000,0.40603000,0.40603000,0.40603000,0.00000000,1514545139999,0.00000000,0,0.00000000,0.00000000
1514545140000,0.40603000,0.40603000,0.40603000,0.40603000,0.00000000,1514545199999,0.00000000,0,0.00000000,0.00000000
1514545200000,0.40603000,0.40603000,0.40603000,0.40603000,0.00000000,1514545259999,0.00000000,0,0.00000000,0.00000000
1514545260000,0.40603000,0.40603000,0.40603000,0.40603000,0.00000000,1514545319999,0.00000000,0,0.00000000,0.00000000
1514545320000,0.40603000,0.40603000,0.40603000,0.40603000,0.00000000,1514545379999,0.00000000,0,0.00000000,0.00000000
1514545380000,0.40603000,0.40603000,0.40603000,0.40603000,0.00000000,1514545439999,0.00000000,0,0.00000000,0.00000000
1514545440000,0.40603000,0.40603000,0.40603000,0.40603000,0.00000000,1514545499999,0.00000000,0,0.00000000,0.00000000
1514545500000,0.40603000,0.40603000,0.40603000,0.40603000,0.00000000,1514545559999,0.00000000,0,0.00000000,0.00000000
1514545560000,0.40603000,0.40603000,0.40603000,0.40603000,0.00000000,1514545619999,0.00000000,0,0.00000000,0.00000000
1514545620000,0.40603000,0.40603000,0.40603000,0.40603000,0.00000000,1514545679999,0.00000000,0,0.00000000,0.00000000
1514545680000,0.40603000,0.40603000,0.40603000,0.40603000,0.00000000,1514545739999,0.00000000,0,0.00000000,0.00000000
1514545740000,0.40603000,0.40603000,0.40603000,0.40603000,3.00000000,1514545799999,1.21809000,1,0.00000000,0.00000000
1514545800000,0.40603000,0.40603000,0.40603000,0.40603000,0.00000000,1514545859999,0.00000000,0,0.00000000,0.00000000
1514545860000,0.40603000,0.40603000,0.40603000,0.40603000,0.00000000,1514545919999,0.00000000,0,0.00000000,0.00000000
1514545920000,0.40603000,0.40603000,0.40603000,0.40603000,0.00000000,1514545979999,0.00000000,0,0.00000000,0.00000000
1514545980000,0.40603000,0.40603000,0.40603000,0.40603000,0.00000000,1514546039999,0.00000000,0,0.00000000,0.00000000
1514546040000,0.40603000,0.40603000,0.40603000,0.40603000,0.00000000,1514546099999,0.00000000,0,0.00000000,0.00000000
1514546100000,0.40603000,0.40603000,0.40603000,0.40603000,0.00000000,1514546159999,0.00000000,0,0.00000000,0.00000000
1514546160000,0.40603000,0.40603000,0.40603000,0.40603000,0.00000000,1514546219999,0.00000000,0,0.00000000,0.00000000
1514546220000,0.40603000,0.40603000,0.40603000,0.40603000,0.00000000,1514546279999,0.00000000,0,0.00000000,0.00000000
1514546280000,0.40603000,0.40603000,0.40603000,0.40603000,0.00000000,1514546339999,0.00000000,0,0.00000000,0.00000000
1514546340000,0.42387000,0.42387000,0.42387000,0.42387000,25.00000000,1514546399999,10.59675000,1,25.00000000,10.59675000
1514546400000,0.42387000,0.42387000,0.42387000,0.42387000,0.00000000,1514546459999,0.00000000,0,0.00000000,0.00000000
1514546460000,0.42380000,0.42381000,0.42380000,0.42381000,37.77000000,1514546519999,16.00702860,2,37.77000000,16.00702860
1514546520000,0.42381000,0.42381000,0.42381000,0.42381000,0.00000000,1514546579999,0.00000000,0,0.00000000,0.00000000
1514546580000,0.42381000,0.42381000,0.42381000,0.42381000,0.00000000,1514546639999,0.00000000,0,0.00000000,0.00000000
1514546640000,0.42373000,0.42373000,0.42373000,0.42373000,5.00000000,1514546699999,2.11865000,1,5.00000000,2.11865000
1514546700000,0.42373000,0.42373000,0.42373000,0.42373000,0.00000000,1514546759999,0.00000000,0,0.00000000,0.00000000
1514546760000,0.42373000,0.42373000,0.42373000,0.42373000,0.00000000,1514546819999,0.00000000,0,0.00000000,0.00000000
1514546820000,0.40607000,0.40607000,0.40607000,0.40607000,59.00000000,1514546879999,23.95813000,1,0.00000000,0.00000000
1514546880000,0.40607000,0.40607000,0.40600000,0.40600000,278.07000000,1514546939999,112.90719650,8,0.00000000,0.00000000
1514546940000,0.40602000,0.40602000,0.40602000,0.40602000,219.02000000,1514546999999,88.92650040,7,0.00000000,0.00000000
1514547000000,0.40602000,0.40602000,0.40602000,0.40602000,0.00000000,1514547059999,0.00000000,0,0.00000000,0.00000000
1514547060000,0.40602000,0.40602000,0.40602000,0.40602000,0.00000000,1514547119999,0.00000000,0,0.00000000,0.00000000
1514547120000,0.40600000,0.40600000,0.40600000,0.40600000,0.01000000,1514547179999,0.00406000,1,0.00000000,0.00000000
1514547180000,0.40600000,0.40600000,0.40600000,0.40600000,0.00000000,1514547239999,0.00000000,0,0.00000000,0.00000000
1514547240000,0.40600000,0.40600000,0.40600000,0.40600000,0.00000000,1514547299999,0.00000000,0,0.00000000,0.00000000
1514547300000,0.40600000,0.40600000,0.40600000,0.40600000,0.00000000,1514547359999,0.00000000,0,0.00000000,0.00000000
1514547360000,0.40600000,0.40600000,0.40600000,0.40600000,20.00000000,1514547419999,8.12000000,1,20.00000000,8.12000000
1514547420000,0.40600000,0.40600000,0.40600000,0.40600000,0.00000000,1514547479999,0.00000000,0,0.00000000,0.00000000
1514547480000,0.40600000,0.40600000,0.40600000,0.40600000,0.00000000,1514547539999,0.00000000,0,0.00000000,0.00000000
1514547540000,0.40600000,0.40600000,0.40600000,0.40600000,0.00000000,1514547599999,0.00000000,0,0.00000000,0.00000000
1514547600000,0.40600000,0.40600000,0.40600000,0.40600000,0.85000000,1514547659999,0.34510000,1,0.85000000,0.34510000
1514547660000,0.40887000,0.40888000,0.40887000,0.40888000,395.60000000,1514547719999,161.75116210,9,395.60000000,161.75116210
1514547720000,0.40888000,0.40888000,0.40888000,0.40888000,0.00000000,1514547779999,0.00000000,0,0.00000000,0.00000000
1514547780000,0.40888000,0.40888000,0.40888000,0.40888000,0.00000000,1514547839999,0.00000000,0,0.00000000,0.00000000
1514547840000,0.40888000,0.40888000,0.40888000,0.40888000,0.00000000,1514547899999,0.00000000,0,0.00000000,0.00000000
1514547900000,0.40887000,0.40887000,0.40887000,0.40887000,1.00000000,1514547959999,0.40887000,1,1.00000000,0.40887000
1514547960000,0.40887000,0.40887000,0.40887000,0.40887000,0.00000000,1514548019999,0.00000000,0,0.00000000,0.00000000
1514548020000,0.40887000,0.40887000,0.40887000,0.40887000,0.00000000,1514548079999,0.00000000,0,0.00000000,0.00000000
1514548080000,0.40887000,0.40887000,0.40887000,0.40887000,0.00000000,1514548139999,0.00000000,0,0.00000000,0.00000000
1514548140000,0.40887000,0.40887000,0.40887000,0.40887000,0.00000000,1514548199999,0.00000000,0,0.00000000,0.00000000
1514548200000,0.40887000,0.40887000,0.40887000,0.40887000,0.00000000,1514548259999,0.00000000,0,0.00000000,0.00000000
1514548260000,0.40887000,0.40887000,0.40887000,0.40887000,6.98000000,1514548319999,2.85391260,1,6.98000000,2.85391260
1514548320000,0.40887000,0.40887000,0.40887000,0.40887000,0.00000000,1514548379999,0.00000000,0,0.00000000,0.00000000
1514548380000,0.40887000,0.40887000,0.40887000,0.40887000,7.46000000,1514548439999,3.05017020,2,0.00000000,0.00000000
1514548440000,0.40888000,0.40888000,0.40888000,0.40888000,0.01000000,1514548499999,0.00408880,1,0.01000000,0.00408880
1514548500000,0.40888000,0.40888000,0.40888000,0.40888000,0.00000000,1514548559999,0.00000000,0,0.00000000,0.00000000
1514548560000,0.40888000,0.40888000,0.40888000,0.40888000,0.00000000,1514548619999,0.00000000,0,0.00000000,0.00000000
1514548620000,0.40888000,0.40888000,0.40888000,0.40888000,0.00000000,1514548679999,0.00000000,0,0.00000000,0.00000000
1514548680000,0.40888000,0.40888000,0.40888000,0.40888000,0.00000000,1514548739999,0.00000000,0,0.00000000,0.00000000
1514548740000,0.40888000,0.40888000,0.40888000,0.40888000,0.00000000,1514548799999,0.00000000,0,0.00000000,0.00000000
1514548800000,0.40888000,0.40888000,0.40888000,0.40888000,0.00000000,1514548859999,0.00000000,0,0.00000000,0.00000000
1514548860000,0.40888000,0.40888000,0.40888000,0.40888000,0.00000000,1514548919999,0.00000000,0,0.00000000,0.00000000
1514548920000,0.40888000,0.40888000,0.40888000,0.40888000,0.00000000,1514548979999,0.00000000,0,0.00000000,0.00000000
1514548980000,0.40888000,0.40888000,0.40888000,0.40888000,0.00000000,1514549039999,0.00000000,0,0.00000000,0.00000000
1514549040000,0.40888000,0.40888000,0.40888000,0.40888000,0.00000000,1514549099999,0.00000000,0,0.00000000,0.00000000
1514549100000,0.40888000,0.40888000,0.40888000,0.40888000,0.00000000,1514549159999,0.00000000,0,0.00000000,0.00000000
1514549160000,0.40888000,0.40888000,0.40888000,0.40888000,0.00000000,1514549219999,0.00000000,0,0.00000000,0.00000000
1514549220000,0.40888000,0.40888000,0.40888000,0.40888000,0.00000000,1514549279999,0.00000000,0,0.00000000,0.00000000
1514549280000,0.40888000,0.40888000,0.40888000,0.40888000,0.00000000,1514549339999,0.00000000,0,0.00000000,0.00000000
1514549340000,0.40888000,0.40888000,0.40888000,0.40888000,0.00000000,1514549399999,0.00000000,0,0.00000000,0.00000000
1514549400000,0.40888000,0.40888000,0.40888000,0.40888000,0.00000000,1514549459999,0.00000000,0,0.00000000,0.00000000
1514549460000,0.40888000,0.40888000,0.40888000,0.40888000,0.00000000,1514549519999,0.00000000,0,0.00000000,0.00000000
1514549520000,0.40888000,0.40888000,0.40888000,0.40888000,0.00000000,1514549579999,0.00000000,0,0.00000000,0.00000000
1514549580000,0.40888000,0.40888000,0.40888000,0.40888000,0.00000000,1514549639999,0.00000000,0,0.00000000,0.00000000
1514549640000,0.40888000,0.40888000,0.40888000,0.40888000,0.00000000,1514549699999,0.00000000,0,0.00000000,0.00000000
1514549700000,0.40888000,0.40888000,0.40888000,0.40888000,0.00000000,1514549759999,0.00000000,0,0.00000000,0.00000000
1514549760000,0.40888000,0.40888000,0.40888000,0.40888000,0.00000000,1514549819999,0.00000000,0,0.00000000,0.00000000
1514549820000,0.40888000,0.40888000,0.40888000,0.40888000,0.00000000,1514549879999,0.00000000,0,0.00000000,0.00000000
1514549880000,0.40888000,0.40888000,0.40888000,0.40888000,0.00000000,1514549939999,0.00000000,0,0.00000000,0.00000000
1514549940000,0.40888000,0.40888000,0.40888000,0.40888000,0.00000000,1514549999999,0.00000000,0,0.00000000,0.00000000
1514550000000,0.40888000,0.40888000,0.40888000,0.40888000,0.00000000,1514550059999,0.00000000,0,0.00000000,0.00000000
1514550060000,0.40888000,0.40888000,0.40888000,0.40888000,0.00000000,1514550119999,0.00000000,0,0.00000000,0.00000000
1514550120000,0.40888000,0.40888000,0.40888000,0.40888000,0.00000000,1514550179999,0.00000000,0,0.00000000,0.00000000
1514550180000,0.40888000,0.40888000,0.40888000,0.40888000,0.00000000,1514550239999,0.00000000,0,0.00000000,0.00000000
1514550240000,0.40888000,0.40888000,0.40888000,0.40888000,0.00000000,1514550299999,0.00000000,0,0.00000000,0.00000000
1514550300000,0.40888000,0.40888000,0.40888000,0.40888000,0.00000000,1514550359999,0.00000000,0,0.00000000,0.00000000
1514550360000,0.40888000,0.40888000,0.40888000,0.40888000,0.00000000,1514550419999,0.00000000,0,0.00000000,0.00000000
1514550420000,0.40888000,0.40888000,0.40888000,0.40888000,0.00000000,1514550479999,0.00000000,0,0.00000000,0.00000000
1514550480000,0.40888000,0.40888000,0.40888000,0.40888000,0.00000000,1514550539999,0.00000000,0,0.00000000,0.00000000
1514550540000,0.40887000,0.40887000,0.40887000,0.40887000,7.24000000,1514550599999,2.96021880,1,7.24000000,2.96021880
1514550600000,0.40887000,0.40887000,0.40887000,0.40887000,3.48000000,1514550659999,1.42286760,1,3.48000000,1.42286760
1514550660000,0.40887000,0.40887000,0.40887000,0.40887000,0.00000000,1514550719999,0.00000000,0,0.00000000,0.00000000
1514550720000,0.40887000,0.40887000,0.40887000,0.40887000,0.00000000,1514550779999,0.00000000,0,0.00000000,0.00000000
1514550780000,0.40887000,0.40887000,0.40887000,0.40887000,0.00000000,1514550839999,0.00000000,0,0.00000000,0.00000000
1514550840000,0.40887000,0.40887000,0.40887000,0.40887000,0.00000000,1514550899999,0.00000000,0,0.00000000,0.00000000
1514550900000,0.40886000,0.40887000,0.40886000,0.40887000,89.87000000,1514550959999,36.74465550,3,49.14000000,20.09138040
1514550960000,0.40887000,0.40887000,0.40887000,0.40887000,0.00000000,1514551019999,0.00000000,0,0.00000000,0.00000000
1514551020000,0.40887000,0.40887000,0.40887000,0.40887000,0.00000000,1514551079999,0.00000000,0,0.00000000,0.00000000
1514551080000,0.40887000,0.40887000,0.40887000,0.40887000,0.00000000,1514551139999,0.00000000,0,0.00000000,0.00000000
1514551140000,0.40887000,0.40887000,0.40887000,0.40887000,0.00000000,1514551199999,0.00000000,0,0.00000000,0.00000000
1514551200000,0.40211000,0.40211000,0.40211000,0.40211000,49.52000000,1514551259999,19.91248720,1,0.00000000,0.00000000
1514551260000,0.40211000,0.40211000,0.40211000,0.40211000,0.00000000,1514551319999,0.00000000,0,0.00000000,0.00000000
1514551320000,0.40211000,0.40211000,0.40211000,0.40211000,0.00000000,1514551379999,0.00000000,0,0.00000000,0.00000000
1514551380000,0.40211000,0.40211000,0.40211000,0.40211000,0.00000000,1514551439999,0.00000000,0,0.00000000,0.00000000
1514551440000,0.40211000,0.40211000,0.40211000,0.40211000,0.00000000,1514551499999,0.00000000,0,0.00000000,0.00000000
1514551500000,0.40211000,0.40211000,0.40211000,0.40211000,0.00000000,1514551559999,0.00000000,0,0.00000000,0.00000000
1514551560000,0.40211000,0.40211000,0.40211000,0.40211000,0.00000000,1514551619999,0.00000000,0,0.00000000,0.00000000
1514551620000,0.40211000,0.40211000,0.40211000,0.40211000,0.00000000,1514551679999,0.00000000,0,0.00000000,0.00000000
1514551680000,0.40211000,0.40211000,0.40211000,0.40211000,0.00000000,1514551739999,0.00000000,0,0.00000000,0.00000000
1514551740000,0.40211000,0.40211000,0.40211000,0.40211000,0.00000000,1514551799999,0.00000000,0,0.00000000,0.00000000
1514551800000,0.40211000,0.40211000,0.40211000,0.40211000,0.00000000,1514551859999,0.00000000,0,0.00000000,0.00000000
1514551860000,0.40211000,0.40211000,0.40211000,0.40211000,0.00000000,1514551919999,0.00000000,0,0.00000000,0.00000000
1514551920000,0.40211000,0.40211000,0.40211000,0.40211000,0.00000000,1514551979999,0.00000000,0,0.00000000,0.00000000
1514551980000,0.40211000,0.40211000,0.40211000,0.40211000,0.00000000,1514552039999,0.00000000,0,0.00000000,0.00000000
1514552040000,0.40211000,0.40211000,0.40211000,0.40211000,0.00000000,1514552099999,0.00000000,0,0.00000000,0.00000000
1514552100000,0.40211000,0.40211000,0.40211000,0.40211000,0.00000000,1514552159999,0.00000000,0,0.00000000,0.00000000
1514552160000,0.40211000,0.40211000,0.40211000,0.40211000,0.00000000,1514552219999,0.00000000,0,0.00000000,0.00000000
1514552220000,0.40500000,0.40500000,0.40500000,0.40500000,43.45000000,1514552279999,17.59725000,2,0.00000000,0.00000000
1514552280000,0.40500000,0.40500000,0.40500000,0.40500000,0.00000000,1514552339999,0.00000000,0,0.00000000,0.00000000
1514552340000,0.40500000,0.40500000,0.40500000,0.40500000,3.00000000,1514552399999,1.21500000,1,0.00000000,0.00000000
1514552400000,0.40500000,0.40500000,0.40500000,0.40500000,0.00000000,1514552459999,0.00000000,0,0.00000000,0.00000000
1514552460000,0.40500000,0.40500000,0.40500000,0.40500000,0.00000000,1514552519999,0.00000000,0,0.00000000,0.00000000
1514552520000,0.40500000,0.40500000,0.40500000,0.40500000,0.00000000,1514552579999,0.00000000,0,0.00000000,0.00000000
1514552580000,0.40500000,0.40500000,0.40500000,0.40500000,0.00000000,1514552639999,0.00000000,0,0.00000000,0.00000000
1514552640000,0.40500000,0.40500000,0.40500000,0.40500000,0.00000000,1514552699999,0.00000000,0,0.00000000,0.00000000
1514552700000,0.40500000,0.40500000,0.40500000,0.40500000,0.00000000,1514552759999,0.00000000,0,0.00000000,0.00000000
1514552760000,0.40500000,0.40500000,0.40500000,0.40500000,0.00000000,1514552819999,0.00000000,0,0.00000000,0.00000000
1514552820000,0.40500000,0.40500000,0.40500000,0.40500000,0.00000000,1514552879999,0.00000000,0,0.00000000,0.00000000
1514552880000,0.40500000,0.40500000,0.40500000,0.40500000,0.00000000,1514552939999,0.00000000,0,0.00000000,0.00000000
1514552940000,0.40500000,0.40500000,0.40500000,0.40500000,46.00000000,1514552999999,18.63000000,1,0.00000000,0.00000000
1514553000000,0.40500000,0.40500000,0.40500000,0.40500000,27.55000000,1514553059999,11.15775000,1,0.00000000,0.00000000
1514553060000,0.40500000,0.40500000,0.40500000,0.40500000,0.00000000,1514553119999,0.00000000,0,0.00000000,0.00000000
1514553120000,0.40500000,0.40500000,0.40500000,0.40500000,0.00000000,1514553179999,0.00000000,0,0.00000000,0.00000000
1514553180000,0.40500000,0.40887000,0.40500000,0.40887000,104.24000000,1514553239999,42.22416600,6,29.25000000,11.85321600
1514553240000,0.40500000,0.40500000,0.40500000,0.40500000,138.00000000,1514553299999,55.89000000,2,0.00000000,0.00000000
1514553300000,0.40500000,0.40500000,0.40500000,0.40500000,100.68000000,1514553359999,40.77540000,2,0.00000000,0.00000000
1514553360000,0.40500000,0.40500000,0.40500000,0.40500000,0.00000000,1514553419999,0.00000000,0,0.00000000,0.00000000
1514553420000,0.40500000,0.40500000,0.40500000,0.40500000,101.59000000,1514553479999,41.14395000,4,0.00000000,0.00000000
1514553480000,0.40500000,0.40500000,0.40500000,0.40500000,0.00000000,1514553539999,0.00000000,0,0.00000000,0.00000000
1514553540000,0.40117000,0.40117000,0.40115000,0.40115000,1006.29000000,1514553599999,403.67718690,5,0.00000000,0.00000000
1514553600000,0.40115000,0.40115000,0.40115000,0.40115000,0.00000000,1514553659999,0.00000000,0,0.00000000,0.00000000
1514553660000,0.40115000,0.40500000,0.40115000,0.40500000,50.22000000,1514553719999,20.33906150,3,0.00000000,0.00000000
1514553720000,0.40115000,0.40115000,0.40115000,0.40115000,31.00000000,1514553779999,12.43565000,1,0.00000000,0.00000000
1514553780000,0.40115000,0.40115000,0.40115000,0.40115000,99.15000000,1514553839999,39.77402250,3,0.00000000,0.00000000
1514553840000,0.40115000,0.40115000,0.40115000,0.40115000,124.44000000,1514553899999,49.91910600,2,0.00000000,0.00000000
1514553900000,0.40500000,0.40500000,0.40500000,0.40500000,13.51000000,1514553959999,5.47155000,2,13.51000000,5.47155000
1514553960000,0.40500000,0.40500000,0.40000000,0.40000000,386.08000000,1514554019999,154.56702050,11,4.20000000,1.70100000
1514554020000,0.39498000,0.40100000,0.38500000,0.40100000,20.34000000,1514554079999,7.89755880,3,1.01000000,0.40501000
1514554080000,0.40100000,0.40100000,0.40100000,0.40100000,0.52000000,1514554139999,0.20852000,1,0.52000000,0.20852000
1514554140000,0.40100000,0.40100000,0.40100000,0.40100000,0.00000000,1514554199999,0.00000000,0,0.00000000,0.00000000
1514554200000,0.40100000,0.40100000,0.40100000,0.40100000,0.00000000,1514554259999,0.00000000,0,0.00000000,0.00000000
1514554260000,0.40100000,0.40100000,0.40100000,0.40100000,0.00000000,1514554319999,0.00000000,0,0.00000000,0.00000000
1514554320000,0.40100000,0.40100000,0.40100000,0.40100000,0.00000000,1514554379999,0.00000000,0,0.00000000,0.00000000
1514554380000,0.40100000,0.40100000,0.40100000,0.40100000,7.00000000,1514554439999,2.80700000,1,7.00000000,2.80700000
1514554440000,0.40100000,0.40100000,0.40100000,0.40100000,190.14000000,1514554499999,76.24614000,2,22.90000000,9.18290000
1514554500000,0.40100000,0.40100000,0.40100000,0.40100000,0.00000000,1514554559999,0.00000000,0,0.00000000,0.00000000
1514554560000,0.40100000,0.40100000,0.40100000,0.40100000,0.00000000,1514554619999,0.00000000,0,0.00000000,0.00000000
1514554620000,0.40100000,0.40100000,0.40100000,0.40100000,0.00000000,1514554679999,0.00000000,0,0.00000000,0.00000000
1514554680000,0.40100000,0.40100000,0.40100000,0.40100000,0.00000000,1514554739999,0.00000000,0,0.00000000,0.00000000
1514554740000,0.40099000,0.40099000,0.40099000,0.40099000,178.00000000,1514554799999,71.37622000,1,178.00000000,71.37622000
1514554800000,0.40099000,0.40099000,0.40099000,0.40099000,0.00000000,1514554859999,0.00000000,0,0.00000000,0.00000000
1514554860000,0.40099000,0.40099000,0.40099000,0.40099000,0.00000000,1514554919999,0.00000000,0,0.00000000,0.00000000
1514554920000,0.40099000,0.40099000,0.40099000,0.40099000,0.00000000,1514554979999,0.00000000,0,0.00000000,0.00000000
1514554980000,0.40099000,0.40099000,0.40099000,0.40099000,0.00000000,1514555039999,0.00000000,0,0.00000000,0.00000000
1514555040000,0.40099000,0.40099000,0.40099000,0.40099000,1.00000000,1514555099999,0.40099000,1,1.00000000,0.40099000
1514555100000,0.40099000,0.40099000,0.40099000,0.40099000,0.00000000,1514555159999,0.00000000,0,0.00000000,0.00000000
1514555160000,0.40099000,0.40099000,0.40099000,0.40099000,0.00000000,1514555219999,0.00000000,0,0.00000000,0.00000000
1514555220000,0.40099000,0.40099000,0.40099000,0.40099000,0.00000000,1514555279999,0.00000000,0,0.00000000,0.00000000
1514555280000,0.40099000,0.40099000,0.40099000,0.40099000,0.00000000,1514555339999,0.00000000,0,0.00000000,0.00000000
1514555340000,0.40099000,0.40099000,0.40099000,0.40099000,0.00000000,1514555399999,0.00000000,0,0.00000000,0.00000000
1514555400000,0.40099000,0.40099000,0.40099000,0.40099000,0.00000000,1514555459999,0.00000000,0,0.00000000,0.00000000
1514555460000,0.40099000,0.40099000,0.40099000,0.40099000,0.00000000,1514555519999,0.00000000,0,0.00000000,0.00000000
1514555520000,0.40099000,0.40099000,0.40099000,0.40099000,0.00000000,1514555579999,0.00000000,0,0.00000000,0.00000000
1514555580000,0.40099000,0.40099000,0.40099000,0.40099000,0.00000000,1514555639999,0.00000000,0,0.00000000,0.00000000
1514555640000,0.40099000,0.40099000,0.40099000,0.40099000,0.00000000,1514555699999,0.00000000,0,0.00000000,0.00000000
1514555700000,0.40099000,0.40099000,0.40099000,0.40099000,0.00000000,1514555759999,0.00000000,0,0.00000000,0.00000000
1514555760000,0.40099000,0.40099000,0.40099000,0.40099000,0.00000000,1514555819999,0.00000000,0,0.00000000,0.00000000
1514555820000,0.40099000,0.40099000,0.40099000,0.40099000,0.00000000,1514555879999,0.00000000,0,0.00000000,0.00000000
1514555880000,0.40099000,0.40099000,0.40099000,0.40099000,0.00000000,1514555939999,0.00000000,0,0.00000000,0.00000000
1514555940000,0.40099000,0.40099000,0.40099000,0.40099000,0.00000000,1514555999999,0.00000000,0,0.00000000,0.00000000
1514556000000,0.40099000,0.40100000,0.40099000,0.40100000,273.74000000,1514556059999,109.76873080,10,273.74000000,109.76873080
1514556060000,0.40100000,0.40100000,0.40100000,0.40100000,0.00000000,1514556119999,0.00000000,0,0.00000000,0.00000000
1514556120000,0.40100000,0.40100000,0.40100000,0.40100000,0.00000000,1514556179999,0.00000000,0,0.00000000,0.00000000
1514556180000,0.40100000,0.40100000,0.40100000,0.40100000,0.00000000,1514556239999,0.00000000,0,0.00000000,0.00000000
1514556240000,0.40100000,0.40100000,0.40100000,0.40100000,0.00000000,1514556299999,0.00000000,0,0.00000000,0.00000000
1514556300000,0.40100000,0.40100000,0.40100000,0.40100000,0.00000000,1514556359999,0.00000000,0,0.00000000,0.00000000
1514556360000,0.40100000,0.40100000,0.40100000,0.40100000,0.00000000,1514556419999,0.00000000,0,0.00000000,0.00000000
1514556420000,0.40100000,0.40100000,0.40100000,0.40100000,0.00000000,1514556479999,0.00000000,0,0.00000000,0.00000000
1514556480000,0.40100000,0.40100000,0.40100000,0.40100000,0.00000000,1514556539999,0.00000000,0,0.00000000,0.00000000
1514556540000,0.40100000,0.40100000,0.40100000,0.40100000,0.00000000,1514556599999,0.00000000,0,0.00000000,0.00000000
1514556600000,0.40100000,0.40100000,0.40100000,0.40100000,0.00000000,1514556659999,0.00000000,0,0.00000000,0.00000000
1514556660000,0.40100000,0.40100000,0.40100000,0.40100000,0.00000000,1514556719999,0.00000000,0,0.00000000,0.00000000
1514556720000,0.40100000,0.40100000,0.40100000,0.40100000,0.00000000,1514556779999,0.00000000,0,0.00000000,0.00000000
1514556780000,0.40100000,0.40100000,0.40100000,0.40100000,0.00000000,1514556839999,0.00000000,0,0.00000000,0.00000000
1514556840000,0.40100000,0.40100000,0.40100000,0.40100000,0.00000000,1514556899999,0.00000000,0,0.00000000,0.00000000
1514556900000,0.40100000,0.40100000,0.40100000,0.40100000,6.99000000,1514556959999,2.80299000,3,6.99000000,2.80299000
1514556960000,0.38674000,0.38674000,0.38636000,0.38636000,442.26000000,1514557019999,171.00891830,4,0.00000000,0.00000000
1514557020000,0.40100000,0.40100000,0.40100000,0.40100000,11.81000000,1514557079999,4.73581000,2,11.81000000,4.73581000
1514557080000,0.40100000,0.40100000,0.40100000,0.40100000,0.00000000,1514557139999,0.00000000,0,0.00000000,0.00000000
1514557140000,0.40100000,0.40100000,0.40100000,0.40100000,0.00000000,1514557199999,0.00000000,0,0.00000000,0.00000000
1514557200000,0.40100000,0.40100000,0.40100000,0.40100000,0.00000000,1514557259999,0.00000000,0,0.00000000,0.00000000
1514557260000,0.40100000,0.40100000,0.40100000,0.40100000,0.00000000,1514557319999,0.00000000,0,0.00000000,0.00000000
1514557320000,0.40876000,0.40876000,0.40876000,0.40876000,22.17000000,1514557379999,9.06220920,1,22.17000000,9.06220920
1514557380000,0.40876000,0.40876000,0.40876000,0.40876000,0.00000000,1514557439999,0.00000000,0,0.00000000,0.00000000
1514557440000,0.40876000,0.40876000,0.40876000,0.40876000,0.00000000,1514557499999,0.00000000,0,0.00000000,0.00000000
1514557500000,0.40876000,0.40887000,0.40876000,0.40876000,75.69000000,1514557559999,30.94597440,5,72.68000000,29.71560680
1514557560000,0.40887000,0.40887000,0.40887000,0.40887000,4.00000000,1514557619999,1.63548000,2,0.47000000,0.19216890
1514557620000,0.40887000,0.40887000,0.40887000,0.40887000,0.00000000,1514557679999,0.00000000,0,0.00000000,0.00000000
1514557680000,0.40887000,0.40887000,0.40887000,0.40887000,0.00000000,1514557739999,0.00000000,0,0.00000000,0.00000000
1514557740000,0.40887000,0.40887000,0.40887000,0.40887000,0.00000000,1514557799999,0.00000000,0,0.00000000,0.00000000
1514557800000,0.40887000,0.40887000,0.40887000,0.40887000,0.00000000,1514557859999,0.00000000,0,0.00000000,0.00000000
1514557860000,0.40887000,0.40887000,0.40887000,0.40887000,0.00000000,1514557919999,0.00000000,0,0.00000000,0.00000000
1514557920000,0.40887000,0.40887000,0.40887000,0.40887000,0.00000000,1514557979999,0.00000000,0,0.00000000,0.00000000
1514557980000,0.40887000,0.40887000,0.40887000,0.40887000,0.00000000,1514558039999,0.00000000,0,0.00000000,0.00000000
1514558040000,0.40887000,0.40887000,0.40887000,0.40887000,0.00000000,1514558099999,0.00000000,0,0.00000000,0.00000000
1514558100000,0.40887000,0.40887000,0.40887000,0.40887000,0.00000000,1514558159999,0.00000000,0,0.00000000,0.00000000
1514558160000,0.40887000,0.40887000,0.40887000,0.40887000,0.00000000,1514558219999,0.00000000,0,0.00000000,0.00000000
1514558220000,0.40887000,0.40887000,0.40887000,0.40887000,0.00000000,1514558279999,0.00000000,0,0.00000000,0.00000000
1514558280000,0.40887000,0.40887000,0.40887000,0.40887000,0.00000000,1514558339999,0.00000000,0,0.00000000,0.00000000
1514558340000,0.40887000,0.40887000,0.40887000,0.40887000,0.00000000,1514558399999,0.00000000,0,0.00000000,0.00000000
1514558400000,0.39001000,0.39001000,0.39001000,0.39001000,0.12000000,1514558459999,0.04680120,1,0.00000000,0.00000000
1514558460000,0.39001000,0.39001000,0.39001000,0.39001000,0.00000000,1514558519999,0.00000000,0,0.00000000,0.00000000
1514558520000,0.39001000,0.39001000,0.39001000,0.39001000,0.00000000,1514558579999,0.00000000,0,0.00000000,0.00000000
1514558580000,0.39001000,0.39001000,0.39001000,0.39001000,0.00000000,1514558639999,0.00000000,0,0.00000000,0.00000000
1514558640000,0.39001000,0.39001000,0.39001000,0.39001000,22.98000000,1514558699999,8.96242980,1,0.00000000,0.00000000
1514558700000,0.39001000,0.39001000,0.39001000,0.39001000,0.00000000,1514558759999,0.00000000,0,0.00000000,0.00000000
1514558760000,0.39001000,0.39001000,0.39001000,0.39001000,0.00000000,1514558819999,0.00000000,0,0.00000000,0.00000000
1514558820000,0.39001000,0.39001000,0.39001000,0.39001000,0.00000000,1514558879999,0.00000000,0,0.00000000,0.00000000
1514558880000,0.39001000,0.39001000,0.39001000,0.39001000,0.00000000,1514558939999,0.00000000,0,0.00000000,0.00000000
1514558940000,0.39123000,0.42099000,0.39123000,0.42099000,228.67000000,1514558999999,90.25158830,3,27.00000000,11.35223420
1514559000000,0.42099000,0.42099000,0.42099000,0.42099000,0.00000000,1514559059999,0.00000000,0,0.00000000,0.00000000
1514559060000,0.42099000,0.42099000,0.42099000,0.42099000,0.00000000,1514559119999,0.00000000,0,0.00000000,0.00000000
1514559120000,0.42099000,0.42099000,0.42099000,0.42099000,0.00000000,1514559179999,0.00000000,0,0.00000000,0.00000000
1514559180000,0.42099000,0.42100000,0.42099000,0.42100000,454.07000000,1514559239999,191.16083070,6,454.07000000,191.16083070
1514559240000,0.42100000,0.42100000,0.42100000,0.42100000,0.00000000,1514559299999,0.00000000,0,0.00000000,0.00000000
1514559300000,0.42100000,0.42100000,0.42100000,0.42100000,0.00000000,1514559359999,0.00000000,0,0.00000000,0.00000000
1514559360000,0.42100000,0.42100000,0.42100000,0.42100000,0.00000000,1514559419999,0.00000000,0,0.00000000,0.00000000
1514559420000,0.42100000,0.42100000,0.42100000,0.42100000,0.00000000,1514559479999,0.00000000,0,0.00000000,0.00000000
1514559480000,0.42100000,0.42100000,0.42100000,0.42100000,0.00000000,1514559539999,0.00000000,0,0.00000000,0.00000000
1514559540000,0.42100000,0.42100000,0.42100000,0.42100000,0.00000000,1514559599999,0.00000000,0,0.00000000,0.00000000
1514559600000,0.42100000,0.42100000,0.42100000,0.42100000,0.00000000,1514559659999,0.00000000,0,0.00000000,0.00000000
1514559660000,0.42100000,0.42100000,0.42100000,0.42100000,0.00000000,1514559719999,0.00000000,0,0.00000000,0.00000000
1514559720000,0.42100000,0.42100000,0.42100000,0.42100000,0.00000000,1514559779999,0.00000000,0,0.00000000,0.00000000
1514559780000,0.42100000,0.42100000,0.40001000,0.42099000,26.20000000,1514559839999,10.94340970,9,4.00000000,1.66017970
1514559840000,0.41500000,0.41500000,0.40001000,0.40001000,13.62000000,1514559899999,5.55581810,5,6.81000000,2.82615000
1514559900000,0.41201000,0.41500000,0.40001000,0.41500000,13.06000000,1514559959999,5.39522050,7,6.01000000,2.49415000
1514559960000,0.40001000,0.40001000,0.40001000,0.40001000,7.25000000,1514560019999,2.90007250,1,0.00000000,0.00000000
1514560020000,0.40001000,0.40001000,0.40001000,0.40001000,0.00000000,1514560079999,0.00000000,0,0.00000000,0.00000000
1514560080000,0.40001000,0.40001000,0.40001000,0.40001000,0.00000000,1514560139999,0.00000000,0,0.00000000,0.00000000
1514560140000,0.40001000,0.40001000,0.40001000,0.40001000,0.00000000,1514560199999,0.00000000,0,0.00000000,0.00000000
1514560200000,0.40001000,0.40001000,0.40001000,0.40001000,0.00000000,1514560259999,0.00000000,0,0.00000000,0.00000000
1514560260000,0.40001000,0.40001000,0.40001000,0.40001000,0.00000000,1514560319999,0.00000000,0,0.00000000,0.00000000
1514560320000,0.40007000,0.40007000,0.40007000,0.40007000,26.65000000,1514560379999,10.66186550,1,0.00000000,0.00000000
1514560380000,0.40007000,0.40007000,0.40007000,0.40007000,0.00000000,1514560439999,0.00000000,0,0.00000000,0.00000000
1514560440000,0.40007000,0.40007000,0.40007000,0.40007000,0.00000000,1514560499999,0.00000000,0,0.00000000,0.00000000
1514560500000,0.40008000,0.40008000,0.40008000,0.40008000,249.58000000,1514560559999,99.85196640,1,0.00000000,0.00000000
1514560560000,0.40008000,0.40008000,0.40008000,0.40008000,0.00000000,1514560619999,0.00000000,0,0.00000000,0.00000000
1514560620000,0.40008000,0.40008000,0.40008000,0.40008000,0.00000000,1514560679999,0.00000000,0,0.00000000,0.00000000
1514560680000,0.40008000,0.40008000,0.40008000,0.40008000,0.00000000,1514560739999,0.00000000,0,0.00000000,0.00000000
1514560740000,0.40008000,0.40008000,0.40008000,0.40008000,0.00000000,1514560799999,0.00000000,0,0.00000000,0.00000000
1514560800000,0.40008000,0.40008000,0.40008000,0.40008000,0.00000000,1514560859999,0.00000000,0,0.00000000,0.00000000
1514560860000,0.40008000,0.40008000,0.40008000,0.40008000,0.00000000,1514560919999,0.00000000,0,0.00000000,0.00000000
1514560920000,0.40008000,0.40008000,0.40008000,0.40008000,0.00000000,1514560979999,0.00000000,0,0.00000000,0.00000000
1514560980000,0.40009000,0.40009000,0.40009000,0.40009000,6.23000000,1514561039999,2.49256070,1,0.00000000,0.00000000
1514561040000,0.40009000,0.40009000,0.40009000,0.40009000,0.00000000,1514561099999,0.00000000,0,0.00000000,0.00000000
1514561100000,0.40009000,0.40009000,0.40009000,0.40009000,0.73000000,1514561159999,0.29206570,1,0.00000000,0.00000000
1514561160000,0.40009000,0.40009000,0.40009000,0.40009000,0.00000000,1514561219999,0.00000000,0,0.00000000,0.00000000
1514561220000,0.40009000,0.40009000,0.40009000,0.40009000,0.00000000,1514561279999,0.00000000,0,0.00000000,0.00000000
1514561280000,0.40009000,0.40009000,0.40009000,0.40009000,0.00000000,1514561339999,0.00000000,0,0.00000000,0.00000000
1514561340000,0.40009000,0.40009000,0.40009000,0.40009000,0.00000000,1514561399999,0.00000000,0,0.00000000,0.00000000
1514561400000,0.40009000,0.40009000,0.40009000,0.40009000,0.00000000,1514561459999,0.00000000,0,0.00000000,0.00000000
1514561460000,0.40009000,0.40009000,0.40009000,0.40009000,0.00000000,1514561519999,0.00000000,0,0.00000000,0.00000000
1514561520000,0.40009000,0.40009000,0.40009000,0.40009000,0.00000000,1514561579999,0.00000000,0,0.00000000,0.00000000
1514561580000,0.40009000,0.40009000,0.40009000,0.40009000,0.00000000,1514561639999,0.00000000,0,0.00000000,0.00000000
1514561640000,0.40009000,0.40009000,0.40009000,0.40009000,0.00000000,1514561699999,0.00000000,0,0.00000000,0.00000000
1514561700000,0.40009000,0.40009000,0.40009000,0.40009000,0.00000000,1514561759999,0.00000000,0,0.00000000,0.00000000
1514561760000,0.40009000,0.40009000,0.40009000,0.40009000,0.00000000,1514561819999,0.00000000,0,0.00000000,0.00000000
1514561820000,0.42076000,0.42076000,0.42076000,0.42076000,260.00000000,1514561879999,109.39760000,2,260.00000000,109.39760000
1514561880000,0.40009000,0.40009000,0.40009000,0.40009000,3.80000000,1514561939999,1.52034200,1,0.00000000,0.00000000
1514561940000,0.40009000,0.40009000,0.40009000,0.40009000,0.00000000,1514561999999,0.00000000,0,0.00000000,0.00000000
1514562000000,0.40009000,0.40009000,0.40009000,0.40009000,0.00000000,1514562059999,0.00000000,0,0.00000000,0.00000000
1514562060000,0.41000000,0.41000000,0.41000000,0.41000000,26.79000000,1514562119999,10.98390000,2,0.00000000,0.00000000
1514562120000,0.41000000,0.41000000,0.41000000,0.41000000,0.00000000,1514562179999,0.00000000,0,0.00000000,0.00000000
1514562180000,0.41000000,0.41000000,0.41000000,0.41000000,0.00000000,1514562239999,0.00000000,0,0.00000000,0.00000000
1514562240000,0.40999000,0.40999000,0.40999000,0.40999000,28.30000000,1514562299999,11.60271700,1,28.30000000,11.60271700
1514562300000,0.40999000,0.40999000,0.40999000,0.40999000,7.31000000,1514562359999,2.99702690,1,7.31000000,2.99702690
1514562360000,0.40999000,0.40999000,0.40999000,0.40999000,0.00000000,1514562419999,0.00000000,0,0.00000000,0.00000000
1514562420000,0.40999000,0.40999000,0.40999000,0.40999000,0.00000000,1514562479999,0.00000000,0,0.00000000,0.00000000
1514562480000,0.40009000,0.40009000,0.40009000,0.40009000,102.20000000,1514562539999,40.88919800,3,0.00000000,0.00000000
1514562540000,0.40009000,0.40009000,0.40009000,0.40009000,0.00000000,1514562599999,0.00000000,0,0.00000000,0.00000000
1514562600000,0.40009000,0.40009000,0.40009000,0.40009000,0.00000000,1514562659999,0.00000000,0,0.00000000,0.00000000
1514562660000,0.40009000,0.40009000,0.40009000,0.40009000,0.00000000,1514562719999,0.00000000,0,0.00000000,0.00000000
1514562720000,0.40100000,0.40100000,0.40100000,0.40100000,56.72000000,1514562779999,22.74472000,6,56.72000000,22.74472000
1514562780000,0.40100000,0.40100000,0.40100000,0.40100000,4.12000000,1514562839999,1.65212000,1,4.12000000,1.65212000
1514562840000,0.40100000,0.40100000,0.40100000,0.40100000,0.00000000,1514562899999,0.00000000,0,0.00000000,0.00000000
1514562900000,0.40100000,0.40100000,0.40100000,0.40100000,0.00000000,1514562959999,0.00000000,0,0.00000000,0.00000000
1514562960000,0.40100000,0.40100000,0.40100000,0.40100000,0.00000000,1514563019999,0.00000000,0,0.00000000,0.00000000
1514563020000,0.40100000,0.40100000,0.40100000,0.40100000,0.00000000,1514563079999,0.00000000,0,0.00000000,0.00000000
1514563080000,0.40100000,0.40100000,0.40100000,0.40100000,0.00000000,1514563139999,0.00000000,0,0.00000000,0.00000000
1514563140000,0.40100000,0.40100000,0.40100000,0.40100000,0.00000000,1514563199999,0.00000000,0,0.00000000,0.00000000
1514563200000,0.40100000,0.40100000,0.40100000,0.40100000,0.00000000,1514563259999,0.00000000,0,0.00000000,0.00000000
1514563260000,0.40890000,0.40890000,0.40011000,0.40011000,3.66000000,1514563319999,1.47608110,3,1.00000000,0.40890000
1514563320000,0.40120000,0.40120000,0.40011000,0.40011000,178.21000000,1514563379999,71.33218290,2,0.00000000,0.00000000
1514563380000,0.40009000,0.40009000,0.40008000,0.40008000,417.49000000,1514563439999,167.02957410,3,0.00000000,0.00000000
1514563440000,0.40008000,0.40008000,0.40008000,0.40008000,0.00000000,1514563499999,0.00000000,0,0.00000000,0.00000000
1514563500000,0.40000000,0.40000000,0.40000000,0.40000000,3.75000000,1514563559999,1.50000000,1,0.00000000,0.00000000
1514563560000,0.40000000,0.40000000,0.40000000,0.40000000,3.00000000,1514563619999,1.20000000,1,3.00000000,1.20000000
1514563620000,0.40000000,0.40000000,0.40000000,0.40000000,7.21000000,1514563679999,2.88400000,3,0.69000000,0.27600000
1514563680000,0.40000000,0.40000000,0.40000000,0.40000000,0.00000000,1514563739999,0.00000000,0,0.00000000,0.00000000
1514563740000,0.40000000,0.40000000,0.40000000,0.40000000,0.00000000,1514563799999,0.00000000,0,0.00000000,0.00000000
1514563800000,0.40000000,0.40000000,0.40000000,0.40000000,0.00000000,1514563859999,0.00000000,0,0.00000000,0.00000000
1514563860000,0.40000000,0.40000000,0.40000000,0.40000000,0.00000000,1514563919999,0.00000000,0,0.00000000,0.00000000
1514563920000,0.40000000,0.40000000,0.40000000,0.40000000,5.48000000,1514563979999,2.19200000,2,5.48000000,2.19200000
1514563980000,0.40000000,0.40000000,0.40000000,0.40000000,0.00000000,1514564039999,0.00000000,0,0.00000000,0.00000000
1514564040000,0.40994000,0.40994000,0.40994000,0.40994000,5.30000000,1514564099999,2.17268200,1,5.30000000,2.17268200
1514564100000,0.40994000,0.40994000,0.40994000,0.40994000,0.00000000,1514564159999,0.00000000,0,0.00000000,0.00000000
1514564160000,0.40994000,0.40994000,0.40994000,0.40994000,0.00000000,1514564219999,0.00000000,0,0.00000000,0.00000000
1514564220000,0.40994000,0.40994000,0.40994000,0.40994000,0.00000000,1514564279999,0.00000000,0,0.00000000,0.00000000
1514564280000,0.40976000,0.40976000,0.40976000,0.40976000,2.50000000,1514564339999,1.02440000,1,2.50000000,1.02440000
1514564340000,0.40976000,0.40976000,0.40976000,0.40976000,0.00000000,1514564399999,0.00000000,0,0.00000000,0.00000000
1514564400000,0.40976000,0.40976000,0.40976000,0.40976000,0.00000000,1514564459999,0.00000000,0,0.00000000,0.00000000
1514564460000,0.40976000,0.40976000,0.40976000,0.40976000,0.00000000,1514564519999,0.00000000,0,0.00000000,0.00000000
1514564520000,0.40976000,0.40976000,0.40976000,0.40976000,0.00000000,1514564579999,0.00000000,0,0.00000000,0.00000000
1514564580000,0.40976000,0.40976000,0.40976000,0.40976000,0.00000000,1514564639999,0.00000000,0,0.00000000,0.00000000
1514564640000,0.40976000,0.40976000,0.40976000,0.40976000,0.00000000,1514564699999,0.00000000,0,0.00000000,0.00000000
1514564700000,0.40976000,0.40976000,0.40976000,0.40976000,0.00000000,1514564759999,0.00000000,0,0.00000000,0.00000000
1514564760000,0.40976000,0.40976000,0.40976000,0.40976000,0.00000000,1514564819999,0.00000000,0,0.00000000,0.00000000
1514564820000,0.40976000,0.40976000,0.40976000,0.40976000,0.00000000,1514564879999,0.00000000,0,0.00000000,0.00000000
1514564880000,0.40976000,0.40976000,0.40976000,0.40976000,0.00000000,1514564939999,0.00000000,0,0.00000000,0.00000000
1514564940000,0.40976000,0.40976000,0.40976000,0.40976000,0.00000000,1514564999999,0.00000000,0,0.00000000,0.00000000
1514565000000,0.40976000,0.40976000,0.40976000,0.40976000,0.00000000,1514565059999,0.00000000,0,0.00000000,0.00000000
1514565060000,0.40976000,0.40976000,0.40976000,0.40976000,0.00000000,1514565119999,0.00000000,0,0.00000000,0.00000000
1514565120000,0.40976000,0.40976000,0.40976000,0.40976000,0.00000000,1514565179999,0.00000000,0,0.00000000,0.00000000
1514565180000,0.40976000,0.40976000,0.40976000,0.40976000,0.00000000,1514565239999,0.00000000,0,0.00000000,0.00000000
1514565240000,0.40976000,0.40976000,0.40976000,0.40976000,0.00000000,1514565299999,0.00000000,0,0.00000000,0.00000000
1514565300000,0.40976000,0.40976000,0.40976000,0.40976000,0.00000000,1514565359999,0.00000000,0,0.00000000,0.00000000
1514565360000,0.40976000,0.40976000,0.40976000,0.40976000,0.00000000,1514565419999,0.00000000,0,0.00000000,0.00000000
1514565420000,0.40976000,0.40976000,0.40976000,0.40976000,0.00000000,1514565479999,0.00000000,0,0.00000000,0.00000000
1514565480000,0.40976000,0.40976000,0.40976000,0.40976000,0.00000000,1514565539999,0.00000000,0,0.00000000,0.00000000
1514565540000,0.38500000,0.38500000,0.38500000,0.38500000,0.83000000,1514565599999,0.31955000,1,0.00000000,0.00000000
1514565600000,0.38500000,0.38500000,0.38500000,0.38500000,0.00000000,1514565659999,0.00000000,0,0.00000000,0.00000000
1514565660000,0.38500000,0.38500000,0.38500000,0.38500000,0.00000000,1514565719999,0.00000000,0,0.00000000,0.00000000
1514565720000,0.38500000,0.38500000,0.38500000,0.38500000,0.00000000,1514565779999,0.00000000,0,0.00000000,0.00000000
1514565780000,0.38500000,0.38500000,0.38500000,0.38500000,1.06000000,1514565839999,0.40810000,1,0.00000000,0.00000000
1514565840000,0.38500000,0.38500000,0.38500000,0.38500000,0.00000000,1514565899999,0.00000000,0,0.00000000,0.00000000
1514565900000,0.38500000,0.38500000,0.38500000,0.38500000,0.00000000,1514565959999,0.00000000,0,0.00000000,0.00000000
1514565960000,0.38500000,0.38500000,0.38500000,0.38500000,50.27000000,1514566019999,19.35395000,1,0.00000000,0.00000000
1514566020000,0.38500000,0.38500000,0.38500000,0.38500000,0.00000000,1514566079999,0.00000000,0,0.00000000,0.00000000
1514566080000,0.38500000,0.38500000,0.38500000,0.38500000,0.00000000,1514566139999,0.00000000,0,0.00000000,0.00000000
1514566140000,0.40838000,0.40838000,0.40838000,0.40838000,0.15000000,1514566199999,0.06125700,1,0.15000000,0.06125700
1514566200000,0.40838000,0.40838000,0.40838000,0.40838000,0.00000000,1514566259999,0.00000000,0,0.00000000,0.00000000
1514566260000,0.40838000,0.40838000,0.40838000,0.40838000,0.00000000,1514566319999,0.00000000,0,0.00000000,0.00000000
1514566320000,0.40838000,0.40838000,0.40838000,0.40838000,0.00000000,1514566379999,0.00000000,0,0.00000000,0.00000000
1514566380000,0.40838000,0.40838000,0.40838000,0.40838000,0.00000000,1514566439999,0.00000000,0,0.00000000,0.00000000
1514566440000,0.40838000,0.40838000,0.40838000,0.40838000,0.00000000,1514566499999,0.00000000,0,0.00000000,0.00000000
1514566500000,0.40838000,0.40838000,0.40838000,0.40838000,0.00000000,1514566559999,0.00000000,0,0.00000000,0.00000000
1514566560000,0.40838000,0.40838000,0.40838000,0.40838000,0.00000000,1514566619999,0.00000000,0,0.00000000,0.00000000
1514566620000,0.40805000,0.40805000,0.40805000,0.40805000,150.00000000,1514566679999,61.20750000,1,150.00000000,61.20750000
1514566680000,0.40805000,0.40805000,0.40805000,0.40805000,0.00000000,1514566739999,0.00000000,0,0.00000000,0.00000000
1514566740000,0.38800000,0.38800000,0.38500000,0.38500000,6.97000000,1514566799999,2.69545000,3,0.00000000,0.00000000
1514566800000,0.38500000,0.38500000,0.38500000,0.38500000,0.00000000,1514566859999,0.00000000,0,0.00000000,0.00000000
1514566860000,0.38500000,0.38500000,0.38500000,0.38500000,0.00000000,1514566919999,0.00000000,0,0.00000000,0.00000000
1514566920000,0.38500000,0.38500000,0.37669000,0.37669000,30.00000000,1514566979999,11.35926170,4,0.00000000,0.00000000
1514566980000,0.37669000,0.37669000,0.37669000,0.37669000,0.00000000,1514567039999,0.00000000,0,0.00000000,0.00000000
1514567040000,0.37669000,0.37669000,0.37669000,0.37669000,0.00000000,1514567099999,0.00000000,0,0.00000000,0.00000000
1514567100000,0.37669000,0.37669000,0.37669000,0.37669000,0.00000000,1514567159999,0.00000000,0,0.00000000,0.00000000
1514567160000,0.37669000,0.37669000,0.37669000,0.37669000,0.00000000,1514567219999,0.00000000,0,0.00000000,0.00000000
1514567220000,0.37669000,0.37669000,0.37669000,0.37669000,0.00000000,1514567279999,0.00000000,0,0.00000000,0.00000000
1514567280000,0.37669000,0.37669000,0.37669000,0.37669000,0.00000000,1514567339999,0.00000000,0,0.00000000,0.00000000
1514567340000,0.37669000,0.37669000,0.37669000,0.37669000,0.00000000,1514567399999,0.00000000,0,0.00000000,0.00000000
1514567400000,0.39888000,0.39888000,0.39888000,0.39888000,6.00000000,1514567459999,2.39328000,2,6.00000000,2.39328000
1514567460000,0.39888000,0.39888000,0.39888000,0.39888000,0.00000000,1514567519999,0.00000000,0,0.00000000,0.00000000
1514567520000,0.39888000,0.39888000,0.39888000,0.39888000,0.00000000,1514567579999,0.00000000,0,0.00000000,0.00000000
1514567580000,0.39888000,0.39888000,0.39888000,0.39888000,0.00000000,1514567639999,0.00000000,0,0.00000000,0.00000000
1514567640000,0.39888000,0.39888000,0.39888000,0.39888000,0.00000000,1514567699999,0.00000000,0,0.00000000,0.00000000
1514567700000,0.39888000,0.39888000,0.39888000,0.39888000,0.00000000,1514567759999,0.00000000,0,0.00000000,0.00000000
1514567760000,0.39888000,0.39888000,0.39888000,0.39888000,0.00000000,1514567819999,0.00000000,0,0.00000000,0.00000000
1514567820000,0.39888000,0.39888000,0.39888000,0.39888000,0.00000000,1514567879999,0.00000000,0,0.00000000,0.00000000
1514567880000,0.39888000,0.39888000,0.39888000,0.39888000,0.00000000,1514567939999,0.00000000,0,0.00000000,0.00000000
1514567940000,0.39888000,0.39888000,0.39888000,0.39888000,0.00000000,1514567999999,0.00000000,0,0.00000000,0.00000000
1514568000000,0.39888000,0.39888000,0.39888000,0.39888000,0.00000000,1514568059999,0.00000000,0,0.00000000,0.00000000
1514568060000,0.39888000,0.39888000,0.39888000,0.39888000,0.00000000,1514568119999,0.00000000,0,0.00000000,0.00000000
1514568120000,0.39888000,0.39888000,0.39888000,0.39888000,0.00000000,1514568179999,0.00000000,0,0.00000000,0.00000000
1514568180000,0.39888000,0.39888000,0.39888000,0.39888000,0.00000000,1514568239999,0.00000000,0,0.00000000,0.00000000
1514568240000,0.39888000,0.39888000,0.39888000,0.39888000,0.00000000,1514568299999,0.00000000,0,0.00000000,0.00000000
1514568300000,0.39888000,0.39888000,0.39888000,0.39888000,0.00000000,1514568359999,0.00000000,0,0.00000000,0.00000000
1514568360000,0.39888000,0.39888000,0.39888000,0.39888000,0.00000000,1514568419999,0.00000000,0,0.00000000,0.00000000
1514568420000,0.39888000,0.39888000,0.39888000,0.39888000,0.00000000,1514568479999,0.00000000,0,0.00000000,0.00000000
1514568480000,0.39888000,0.39888000,0.39888000,0.39888000,0.00000000,1514568539999,0.00000000,0,0.00000000,0.00000000
1514568540000,0.39888000,0.39888000,0.39888000,0.39888000,0.00000000,1514568599999,0.00000000,0,0.00000000,0.00000000
1514568600000,0.39888000,0.39888000,0.39888000,0.39888000,0.00000000,1514568659999,0.00000000,0,0.00000000,0.00000000
1514568660000,0.39888000,0.39888000,0.39888000,0.39888000,0.00000000,1514568719999,0.00000000,0,0.00000000,0.00000000
1514568720000,0.40914000,0.40914000,0.40913000,0.40913000,17.00000000,1514568779999,6.95535240,2,17.00000000,6.95535240
1514568780000,0.40913000,0.40913000,0.40913000,0.40913000,0.00000000,1514568839999,0.00000000,0,0.00000000,0.00000000
1514568840000,0.40913000,0.40913000,0.40913000,0.40913000,0.00000000,1514568899999,0.00000000,0,0.00000000,0.00000000
1514568900000,0.40913000,0.40913000,0.40913000,0.40913000,0.00000000,1514568959999,0.00000000,0,0.00000000,0.00000000
1514568960000,0.40913000,0.40913000,0.40913000,0.40913000,0.00000000,1514569019999,0.00000000,0,0.00000000,0.00000000
1514569020000,0.40913000,0.40913000,0.40913000,0.40913000,0.00000000,1514569079999,0.00000000,0,0.00000000,0.00000000
1514569080000,0.40913000,0.40913000,0.40913000,0.40913000,0.00000000,1514569139999,0.00000000,0,0.00000000,0.00000000
1514569140000,0.40913000,0.40913000,0.40913000,0.40913000,0.00000000,1514569199999,0.00000000,0,0.00000000,0.00000000
1514569200000,0.40913000,0.40913000,0.40913000,0.40913000,0.00000000,1514569259999,0.00000000,0,0.00000000,0.00000000
1514569260000,0.40913000,0.40913000,0.40913000,0.40913000,0.00000000,1514569319999,0.00000000,0,0.00000000,0.00000000
1514569320000,0.40913000,0.40913000,0.40913000,0.40913000,0.00000000,1514569379999,0.00000000,0,0.00000000,0.00000000
1514569380000,0.40913000,0.40913000,0.40913000,0.40913000,0.00000000,1514569439999,0.00000000,0,0.00000000,0.00000000
1514569440000,0.40913000,0.40913000,0.40913000,0.40913000,0.00000000,1514569499999,0.00000000,0,0.00000000,0.00000000
1514569500000,0.39892000,0.39892000,0.39892000,0.39892000,0.04000000,1514569559999,0.01595680,1,0.00000000,0.00000000
1514569560000,0.39892000,0.39892000,0.39892000,0.39892000,0.00000000,1514569619999,0.00000000,0,0.00000000,0.00000000
1514569620000,0.39892000,0.39892000,0.39892000,0.39892000,0.09000000,1514569679999,0.03590280,1,0.00000000,0.00000000
1514569680000,0.39892000,0.39892000,0.39892000,0.39892000,0.00000000,1514569739999,0.00000000,0,0.00000000,0.00000000
1514569740000,0.40912000,0.40912000,0.40912000,0.40912000,284.88000000,1514569799999,116.55010560,2,284.88000000,116.55010560
1514569800000,0.40912000,0.40912000,0.40912000,0.40912000,0.00000000,1514569859999,0.00000000,0,0.00000000,0.00000000
1514569860000,0.40912000,0.40912000,0.40912000,0.40912000,0.00000000,1514569919999,0.00000000,0,0.00000000,0.00000000
1514569920000,0.40912000,0.40912000,0.40912000,0.40912000,0.00000000,1514569979999,0.00000000,0,0.00000000,0.00000000
1514569980000,0.40912000,0.40912000,0.40912000,0.40912000,0.00000000,1514570039999,0.00000000,0,0.00000000,0.00000000
1514570040000,0.39892000,0.39892000,0.39892000,0.39892000,84.89000000,1514570099999,33.86431880,1,0.00000000,0.00000000
1514570100000,0.39892000,0.39892000,0.39892000,0.39892000,0.00000000,1514570159999,0.00000000,0,0.00000000,0.00000000
1514570160000,0.39892000,0.39892000,0.39892000,0.39892000,0.00000000,1514570219999,0.00000000,0,0.00000000,0.00000000
1514570220000,0.40890000,0.40890000,0.40890000,0.40890000,4.14000000,1514570279999,1.69284600,2,0.00000000,0.00000000
1514570280000,0.40890000,0.40890000,0.40890000,0.40890000,0.00000000,1514570339999,0.00000000,0,0.00000000,0.00000000
1514570340000,0.40890000,0.40890000,0.40890000,0.40890000,0.00000000,1514570399999,0.00000000,0,0.00000000,0.00000000
1514570400000,0.40890000,0.40890000,0.40890000,0.40890000,0.00000000,1514570459999,0.00000000,0,0.00000000,0.00000000
1514570460000,0.40890000,0.40890000,0.40890000,0.40890000,0.00000000,1514570519999,0.00000000,0,0.00000000,0.00000000
1514570520000,0.40890000,0.40890000,0.40890000,0.40890000,0.00000000,1514570579999,0.00000000,0,0.00000000,0.00000000
1514570580000,0.40890000,0.40890000,0.40890000,0.40890000,0.00000000,1514570639999,0.00000000,0,0.00000000,0.00000000
1514570640000,0.40890000,0.40890000,0.40890000,0.40890000,0.00000000,1514570699999,0.00000000,0,0.00000000,0.00000000
1514570700000,0.40890000,0.40890000,0.40890000,0.40890000,0.00000000,1514570759999,0.00000000,0,0.00000000,0.00000000
1514570760000,0.40890000,0.40890000,0.40890000,0.40890000,0.00000000,1514570819999,0.00000000,0,0.00000000,0.00000000
1514570820000,0.40831000,0.40831000,0.40831000,0.40831000,75.78000000,1514570879999,30.94173180,1,75.78000000,30.94173180
1514570880000,0.40831000,0.40831000,0.40831000,0.40831000,0.00000000,1514570939999,0.00000000,0,0.00000000,0.00000000
1514570940000,0.40831000,0.40831000,0.40831000,0.40831000,0.00000000,1514570999999,0.00000000,0,0.00000000,0.00000000
1514571000000,0.40831000,0.40831000,0.40831000,0.40831000,2.47000000,1514571059999,1.00852570,1,2.47000000,1.00852570
1514571060000,0.40831000,0.41000000,0.40831000,0.41000000,1229.77000000,1514571119999,504.00074920,27,1187.72000000,486.81497130
1514571120000,0.40831000,0.40831000,0.40831000,0.40831000,7.00000000,1514571179999,2.85817000,2,0.00000000,0.00000000
1514571180000,0.40831000,0.40831000,0.40831000,0.40831000,0.00000000,1514571239999,0.00000000,0,0.00000000,0.00000000
1514571240000,0.40831000,0.40831000,0.40831000,0.40831000,0.00000000,1514571299999,0.00000000,0,0.00000000,0.00000000
1514571300000,0.40831000,0.40831000,0.40831000,0.40831000,0.00000000,1514571359999,0.00000000,0,0.00000000,0.00000000
1514571360000,0.40831000,0.40831000,0.40831000,0.40831000,0.00000000,1514571419999,0.00000000,0,0.00000000,0.00000000
1514571420000,0.40831000,0.40831000,0.40831000,0.40831000,0.00000000,1514571479999,0.00000000,0,0.00000000,0.00000000
1514571480000,0.40831000,0.40831000,0.40831000,0.40831000,0.00000000,1514571539999,0.00000000,0,0.00000000,0.00000000
1514571540000,0.40831000,0.40831000,0.40831000,0.40831000,0.00000000,1514571599999,0.00000000,0,0.00000000,0.00000000
1514571600000,0.40831000,0.40831000,0.40831000,0.40831000,0.00000000,1514571659999,0.00000000,0,0.00000000,0.00000000
1514571660000,0.40831000,0.40831000,0.40831000,0.40831000,26.35000000,1514571719999,10.75896850,5,17.08000000,6.97393480
1514571720000,0.40831000,0.41000000,0.40831000,0.41000000,166.79000000,1514571779999,68.36238630,4,166.79000000,68.36238630
1514571780000,0.41000000,0.41000000,0.41000000,0.41000000,0.00000000,1514571839999,0.00000000,0,0.00000000,0.00000000
1514571840000,0.41000000,0.41000000,0.41000000,0.41000000,134.42000000,1514571899999,55.11220000,1,134.42000000,55.11220000
1514571900000,0.41000000,0.41000000,0.41000000,0.41000000,0.00000000,1514571959999,0.00000000,0,0.00000000,0.00000000
1514571960000,0.41000000,0.41000000,0.41000000,0.41000000,0.00000000,1514572019999,0.00000000,0,0.00000000,0.00000000
1514572020000,0.41000000,0.41000000,0.41000000,0.41000000,0.00000000,1514572079999,0.00000000,0,0.00000000,0.00000000
1514572080000,0.41000000,0.41000000,0.41000000,0.41000000,0.00000000,1514572139999,0.00000000,0,0.00000000,0.00000000
1514572140000,0.41000000,0.41000000,0.41000000,0.41000000,0.00000000,1514572199999,0.00000000,0,0.00000000,0.00000000
1514572200000,0.41000000,0.41000000,0.41000000,0.41000000,16.00000000,1514572259999,6.56000000,1,16.00000000,6.56000000
1514572260000,0.41000000,0.41000000,0.41000000,0.41000000,74.00000000,1514572319999,30.34000000,1,74.00000000,30.34000000
1514572320000,0.41000000,0.41000000,0.41000000,0.41000000,0.00000000,1514572379999,0.00000000,0,0.00000000,0.00000000
1514572380000,0.41000000,0.41000000,0.41000000,0.41000000,0.00000000,1514572439999,0.00000000,0,0.00000000,0.00000000
1514572440000,0.41000000,0.41000000,0.41000000,0.41000000,0.00000000,1514572499999,0.00000000,0,0.00000000,0.00000000
1514572500000,0.41000000,0.41000000,0.41000000,0.41000000,0.00000000,1514572559999,0.00000000,0,0.00000000,0.00000000
1514572560000,0.41000000,0.41000000,0.41000000,0.41000000,0.00000000,1514572619999,0.00000000,0,0.00000000,0.00000000
1514572620000,0.41000000,0.41000000,0.41000000,0.41000000,0.00000000,1514572679999,0.00000000,0,0.00000000,0.00000000
1514572680000,0.41000000,0.41000000,0.41000000,0.41000000,0.00000000,1514572739999,0.00000000,0,0.00000000,0.00000000
1514572740000,0.41000000,0.41000000,0.41000000,0.41000000,0.00000000,1514572799999,0.00000000,0,0.00000000,0.00000000
1514572800000,0.41000000,0.41000000,0.41000000,0.41000000,0.00000000,1514572859999,0.00000000,0,0.00000000,0.00000000
1514572860000,0.41000000,0.41000000,0.41000000,0.41000000,0.00000000,1514572919999,0.00000000,0,0.00000000,0.00000000
1514572920000,0.41000000,0.43734000,0.41000000,0.43734000,1354.38000000,1514572979999,584.98407690,11,1354.38000000,584.98407690
1514572980000,0.41000000,0.41000000,0.41000000,0.41000000,2.81000000,1514573039999,1.15210000,1,0.00000000,0.00000000
1514573040000,0.41000000,0.41000000,0.41000000,0.41000000,20.00000000,1514573099999,8.20000000,3,2.19000000,0.89790000
1514573100000,0.41000000,0.41000000,0.41000000,0.41000000,0.00000000,1514573159999,0.00000000,0,0.00000000,0.00000000
1514573160000,0.41000000,0.41000000,0.41000000,0.41000000,0.00000000,1514573219999,0.00000000,0,0.00000000,0.00000000
1514573220000,0.41000000,0.41000000,0.41000000,0.41000000,0.00000000,1514573279999,0.00000000,0,0.00000000,0.00000000
1514573280000,0.41000000,0.41000000,0.41000000,0.41000000,0.00000000,1514573339999,0.00000000,0,0.00000000,0.00000000
1514573340000,0.41000000,0.41000000,0.41000000,0.41000000,0.00000000,1514573399999,0.00000000,0,0.00000000,0.00000000
1514573400000,0.41000000,0.41000000,0.41000000,0.41000000,0.00000000,1514573459999,0.00000000,0,0.00000000,0.00000000
1514573460000,0.41000000,0.41000000,0.41000000,0.41000000,0.00000000,1514573519999,0.00000000,0,0.00000000,0.00000000
1514573520000,0.41000000,0.41000000,0.41000000,0.41000000,0.00000000,1514573579999,0.00000000,0,0.00000000,0.00000000
1514573580000,0.41000000,0.41000000,0.41000000,0.41000000,0.00000000,1514573639999,0.00000000,0,0.00000000,0.00000000
1514573640000,0.41000000,0.41000000,0.41000000,0.41000000,0.00000000,1514573699999,0.00000000,0,0.00000000,0.00000000
1514573700000,0.41000000,0.41000000,0.41000000,0.41000000,0.00000000,1514573759999,0.00000000,0,0.00000000,0.00000000
1514573760000,0.41000000,0.41000000,0.41000000,0.41000000,0.00000000,1514573819999,0.00000000,0,0.00000000,0.00000000
1514573820000,0.41000000,0.41000000,0.41000000,0.41000000,0.00000000,1514573879999,0.00000000,0,0.00000000,0.00000000
1514573880000,0.40999000,0.40999000,0.40999000,0.40999000,16.19000000,1514573939999,6.63773810,2,16.19000000,6.63773810
1514573940000,0.40999000,0.40999000,0.40999000,0.40999000,0.00000000,1514573999999,0.00000000,0,0.00000000,0.00000000
1514574000000,0.40999000,0.40999000,0.40999000,0.40999000,0.00000000,1514574059999,0.00000000,0,0.00000000,0.00000000
1514574060000,0.40999000,0.40999000,0.40999000,0.40999000,0.00000000,1514574119999,0.00000000,0,0.00000000,0.00000000
1514574120000,0.42499000,0.42499000,0.42499000,0.42499000,2.00000000,1514574179999,0.84998000,1,2.00000000,0.84998000
1514574180000,0.42499000,0.42499000,0.42499000,0.42499000,0.00000000,1514574239999,0.00000000,0,0.00000000,0.00000000
1514574240000,0.42499000,0.42499000,0.42499000,0.42499000,0.00000000,1514574299999,0.00000000,0,0.00000000,0.00000000
1514574300000,0.42499000,0.42499000,0.42499000,0.42499000,0.00000000,1514574359999,0.00000000,0,0.00000000,0.00000000
1514574360000,0.42494000,0.42494000,0.42494000,0.42494000,10.00000000,1514574419999,4.24940000,1,10.00000000,4.24940000
1514574420000,0.42494000,0.42494000,0.42494000,0.42494000,0.00000000,1514574479999,0.00000000,0,0.00000000,0.00000000
1514574480000,0.42494000,0.42494000,0.42494000,0.42494000,0.00000000,1514574539999,0.00000000,0,0.00000000,0.00000000
1514574540000,0.42494000,0.42494000,0.42494000,0.42494000,0.00000000,1514574599999,0.00000000,0,0.00000000,0.00000000
1514574600000,0.42494000,0.42494000,0.42494000,0.42494000,0.00000000,1514574659999,0.00000000,0,0.00000000,0.00000000
1514574660000,0.42494000,0.42494000,0.42494000,0.42494000,0.00000000,1514574719999,0.00000000,0,0.00000000,0.00000000
1514574720000,0.42494000,0.42494000,0.42494000,0.42494000,0.00000000,1514574779999,0.00000000,0,0.00000000,0.00000000
1514574780000,0.42494000,0.42494000,0.42494000,0.42494000,0.00000000,1514574839999,0.00000000,0,0.00000000,0.00000000
1514574840000,0.42494000,0.42494000,0.42494000,0.42494000,0.00000000,1514574899999,0.00000000,0,0.00000000,0.00000000
1514574900000,0.42494000,0.42494000,0.42494000,0.42494000,0.00000000,1514574959999,0.00000000,0,0.00000000,0.00000000
1514574960000,0.42494000,0.42494000,0.42494000,0.42494000,0.00000000,1514575019999,0.00000000,0,0.00000000,0.00000000
1514575020000,0.42494000,0.42494000,0.42494000,0.42494000,0.00000000,1514575079999,0.00000000,0,0.00000000,0.00000000
1514575080000,0.42494000,0.42494000,0.42494000,0.42494000,0.00000000,1514575139999,0.00000000,0,0.00000000,0.00000000
1514575140000,0.42494000,0.42494000,0.42494000,0.42494000,0.00000000,1514575199999,0.00000000,0,0.00000000,0.00000000
1514575200000,0.42494000,0.42494000,0.42494000,0.42494000,0.00000000,1514575259999,0.00000000,0,0.00000000,0.00000000
1514575260000,0.42494000,0.42494000,0.42494000,0.42494000,0.00000000,1514575319999,0.00000000,0,0.00000000,0.00000000
1514575320000,0.42494000,0.42494000,0.42494000,0.42494000,0.00000000,1514575379999,0.00000000,0,0.00000000,0.00000000
1514575380000,0.42494000,0.42494000,0.42494000,0.42494000,0.00000000,1514575439999,0.00000000,0,0.00000000,0.00000000
1514575440000,0.42494000,0.42494000,0.42494000,0.42494000,0.00000000,1514575499999,0.00000000,0,0.00000000,0.00000000
1514575500000,0.42494000,0.42494000,0.42494000,0.42494000,0.00000000,1514575559999,0.00000000,0,0.00000000,0.00000000
1514575560000,0.42494000,0.42494000,0.42494000,0.42494000,0.00000000,1514575619999,0.00000000,0,0.00000000,0.00000000
1514575620000,0.42494000,0.42494000,0.42494000,0.42494000,0.00000000,1514575679999,0.00000000,0,0.00000000,0.00000000
1514575680000,0.42494000,0.42494000,0.42494000,0.42494000,0.00000000,1514575739999,0.00000000,0,0.00000000,0.00000000
1514575740000,0.42494000,0.42494000,0.42494000,0.42494000,0.00000000,1514575799999,0.00000000,0,0.00000000,0.00000000
1514575800000,0.42494000,0.42494000,0.42494000,0.42494000,0.00000000,1514575859999,0.00000000,0,0.00000000,0.00000000
1514575860000,0.42494000,0.42494000,0.42494000,0.42494000,0.00000000,1514575919999,0.00000000,0,0.00000000,0.00000000
1514575920000,0.42494000,0.42494000,0.42494000,0.42494000,0.00000000,1514575979999,0.00000000,0,0.00000000,0.00000000
1514575980000,0.42494000,0.42494000,0.42494000,0.42494000,0.00000000,1514576039999,0.00000000,0,0.00000000,0.00000000
1514576040000,0.42494000,0.42494000,0.42494000,0.42494000,0.00000000,1514576099999,0.00000000,0,0.00000000,0.00000000
1514576100000,0.42494000,0.42494000,0.42494000,0.42494000,0.00000000,1514576159999,0.00000000,0,0.00000000,0.00000000
1514576160000,0.42493000,0.42493000,0.42493000,0.42493000,4.94000000,1514576219999,2.09915420,1,4.94000000,2.09915420
1514576220000,0.42493000,0.42493000,0.42493000,0.42493000,0.00000000,1514576279999,0.00000000,0,0.00000000,0.00000000
1514576280000,0.39892000,0.39892000,0.39892000,0.39892000,0.05000000,1514576339999,0.01994600,1,0.00000000,0.00000000
1514576340000,0.39892000,0.39892000,0.39892000,0.39892000,0.00000000,1514576399999,0.00000000,0,0.00000000,0.00000000
1514576400000,0.41500000,0.41501000,0.41001000,0.41501000,1019.19000000,1514576459999,422.92917050,22,0.00000000,0.00000000
1514576460000,0.41501000,0.41501000,0.41500000,0.41500000,242.38000000,1514576519999,100.58852850,8,2.00000000,0.83002000
1514576520000,0.41500000,0.41500000,0.41500000,0.41500000,340.47000000,1514576579999,141.29505000,2,0.00000000,0.00000000
1514576580000,0.41498000,0.41498000,0.41498000,0.41498000,44.00000000,1514576639999,18.25912000,1,44.00000000,18.25912000
1514576640000,0.41498000,0.41498000,0.41498000,0.41498000,0.00000000,1514576699999,0.00000000,0,0.00000000,0.00000000
1514576700000,0.41498000,0.41498000,0.41498000,0.41498000,0.00000000,1514576759999,0.00000000,0,0.00000000,0.00000000
1514576760000,0.41498000,0.41498000,0.41498000,0.41498000,0.00000000,1514576819999,0.00000000,0,0.00000000,0.00000000
1514576820000,0.41498000,0.41498000,0.41498000,0.41498000,0.00000000,1514576879999,0.00000000,0,0.00000000,0.00000000
1514576880000,0.41498000,0.41498000,0.41498000,0.41498000,0.00000000,1514576939999,0.00000000,0,0.00000000,0.00000000
1514576940000,0.41498000,0.41498000,0.41498000,0.41498000,0.00000000,1514576999999,0.00000000,0,0.00000000,0.00000000
1514577000000,0.41500000,0.41500000,0.41000000,0.41000000,222.00000000,1514577059999,91.57500000,2,0.00000000,0.00000000
1514577060000,0.41000000,0.41000000,0.41000000,0.41000000,0.00000000,1514577119999,0.00000000,0,0.00000000,0.00000000
1514577120000,0.41001000,0.41001000,0.41001000,0.41001000,90.35000000,1514577179999,37.04440350,2,0.00000000,0.00000000
1514577180000,0.41001000,0.41001000,0.41001000,0.41001000,0.00000000,1514577239999,0.00000000,0,0.00000000,0.00000000
1514577240000,0.41001000,0.41001000,0.41001000,0.41001000,0.00000000,1514577299999,0.00000000,0,0.00000000,0.00000000
1514577300000,0.41001000,0.41001000,0.41001000,0.41001000,0.00000000,1514577359999,0.00000000,0,0.00000000,0.00000000
1514577360000,0.41001000,0.41001000,0.41000000,0.41000000,501.73000000,1514577419999,205.70932650,6,0.00000000,0.00000000
1514577420000,0.41000000,0.41000000,0.41000000,0.41000000,0.92000000,1514577479999,0.37720000,1,0.00000000,0.00000000
1514577480000,0.41000000,0.41000000,0.41000000,0.41000000,0.00000000,1514577539999,0.00000000,0,0.00000000,0.00000000
1514577540000,0.41000000,0.41000000,0.41000000,0.41000000,0.00000000,1514577599999,0.00000000,0,0.00000000,0.00000000
1514577600000,0.41498000,0.41498000,0.41498000,0.41498000,0.12000000,1514577659999,0.04979760,1,0.12000000,0.04979760
1514577660000,0.41498000,0.41498000,0.41498000,0.41498000,0.00000000,1514577719999,0.00000000,0,0.00000000,0.00000000
1514577720000,0.41498000,0.41498000,0.41498000,0.41498000,0.00000000,1514577779999,0.00000000,0,0.00000000,0.00000000
1514577780000,0.41498000,0.41498000,0.41498000,0.41498000,0.00000000,1514577839999,0.00000000,0,0.00000000,0.00000000
1514577840000,0.41498000,0.41498000,0.41498000,0.41498000,365.76000000,1514577899999,151.78308480,4,142.83000000,59.27159340
1514577900000,0.41498000,0.41498000,0.41498000,0.41498000,0.00000000,1514577959999,0.00000000,0,0.00000000,0.00000000
1514577960000,0.41498000,0.41498000,0.41498000,0.41498000,0.00000000,1514578019999,0.00000000,0,0.00000000,0.00000000
1514578020000,0.41498000,0.41498000,0.41498000,0.41498000,0.00000000,1514578079999,0.00000000,0,0.00000000,0.00000000
1514578080000,0.41498000,0.41498000,0.41498000,0.41498000,0.00000000,1514578139999,0.00000000,0,0.00000000,0.00000000
1514578140000,0.41498000,0.41498000,0.41498000,0.41498000,0.00000000,1514578199999,0.00000000,0,0.00000000,0.00000000
1514578200000,0.41498000,0.41498000,0.41498000,0.41498000,0.00000000,1514578259999,0.00000000,0,0.00000000,0.00000000
1514578260000,0.41498000,0.41498000,0.41498000,0.41498000,0.00000000,1514578319999,0.00000000,0,0.00000000,0.00000000
1514578320000,0.41498000,0.41498000,0.41498000,0.41498000,0.00000000,1514578379999,0.00000000,0,0.00000000,0.00000000
1514578380000,0.41498000,0.41498000,0.41498000,0.41498000,0.00000000,1514578439999,0.00000000,0,0.00000000,0.00000000
1514578440000,0.39890000,0.39890000,0.38670000,0.38670000,515.39000000,1514578499999,199.64698500,3,0.00000000,0.00000000
1514578500000,0.38670000,0.38670000,0.38670000,0.38670000,0.00000000,1514578559999,0.00000000,0,0.00000000,0.00000000
1514578560000,0.38670000,0.38670000,0.38670000,0.38670000,0.00000000,1514578619999,0.00000000,0,0.00000000,0.00000000
1514578620000,0.38670000,0.38670000,0.38670000,0.38670000,0.00000000,1514578679999,0.00000000,0,0.00000000,0.00000000
1514578680000,0.38670000,0.38670000,0.38670000,0.38670000,0.00000000,1514578739999,0.00000000,0,0.00000000,0.00000000
1514578740000,0.38670000,0.38670000,0.38670000,0.38670000,0.00000000,1514578799999,0.00000000,0,0.00000000,0.00000000
1514578800000,0.41476000,0.41476000,0.41476000,0.41476000,48.00000000,1514578859999,19.90848000,1,48.00000000,19.90848000
1514578860000,0.41476000,0.41476000,0.41476000,0.41476000,0.00000000,1514578919999,0.00000000,0,0.00000000,0.00000000
1514578920000,0.41476000,0.41476000,0.41476000,0.41476000,0.00000000,1514578979999,0.00000000,0,0.00000000,0.00000000
1514578980000,0.41476000,0.41476000,0.41476000,0.41476000,0.00000000,1514579039999,0.00000000,0,0.00000000,0.00000000
1514579040000,0.41476000,0.41476000,0.41476000,0.41476000,0.00000000,1514579099999,0.00000000,0,0.00000000,0.00000000
1514579100000,0.41476000,0.41476000,0.41476000,0.41476000,0.00000000,1514579159999,0.00000000,0,0.00000000,0.00000000
1514579160000,0.41476000,0.41476000,0.41476000,0.41476000,0.00000000,1514579219999,0.00000000,0,0.00000000,0.00000000
1514579220000,0.41476000,0.41476000,0.41476000,0.41476000,0.00000000,1514579279999,0.00000000,0,0.00000000,0.00000000
1514579280000,0.39070000,0.39070000,0.39070000,0.39070000,180.04000000,1514579339999,70.34162800,1,0.00000000,0.00000000
1514579340000,0.39070000,0.39070000,0.39070000,0.39070000,0.00000000,1514579399999,0.00000000,0,0.00000000,0.00000000
1514579400000,0.39070000,0.39070000,0.39070000,0.39070000,0.00000000,1514579459999,0.00000000,0,0.00000000,0.00000000
1514579460000,0.39070000,0.39070000,0.39070000,0.39070000,0.00000000,1514579519999,0.00000000,0,0.00000000,0.00000000
1514579520000,0.39070000,0.39070000,0.39070000,0.39070000,0.00000000,1514579579999,0.00000000,0,0.00000000,0.00000000
1514579580000,0.39301000,0.39301000,0.39301000,0.39301000,17.47000000,1514579639999,6.86588470,1,0.00000000,0.00000000
1514579640000,0.39301000,0.39301000,0.39301000,0.39301000,0.00000000,1514579699999,0.00000000,0,0.00000000,0.00000000
1514579700000,0.39301000,0.39301000,0.39301000,0.39301000,0.00000000,1514579759999,0.00000000,0,0.00000000,0.00000000
1514579760000,0.39301000,0.39301000,0.39301000,0.39301000,0.00000000,1514579819999,0.00000000,0,0.00000000,0.00000000
1514579820000,0.39301000,0.39301000,0.39301000,0.39301000,0.00000000,1514579879999,0.00000000,0,0.00000000,0.00000000
1514579880000,0.39301000,0.39301000,0.39301000,0.39301000,0.00000000,1514579939999,0.00000000,0,0.00000000,0.00000000
1514579940000,0.41448000,0.41448000,0.41448000,0.41448000,21.00000000,1514579999999,8.70408000,1,21.00000000,8.70408000
1514580000000,0.41448000,0.41448000,0.41448000,0.41448000,0.00000000,1514580059999,0.00000000,0,0.00000000,0.00000000
1514580060000,0.41448000,0.41448000,0.41448000,0.41448000,0.00000000,1514580119999,0.00000000,0,0.00000000,0.00000000
1514580120000,0.41448000,0.41448000,0.41448000,0.41448000,0.00000000,1514580179999,0.00000000,0,0.00000000,0.00000000
1514580180000,0.41448000,0.41448000,0.41448000,0.41448000,0.00000000,1514580239999,0.00000000,0,0.00000000,0.00000000
1514580240000,0.41448000,0.41448000,0.41448000,0.41448000,0.00000000,1514580299999,0.00000000,0,0.00000000,0.00000000
1514580300000,0.41448000,0.41448000,0.41448000,0.41448000,0.00000000,1514580359999,0.00000000,0,0.00000000,0.00000000
1514580360000,0.41448000,0.41448000,0.41448000,0.41448000,0.00000000,1514580419999,0.00000000,0,0.00000000,0.00000000
1514580420000,0.41448000,0.41448000,0.41448000,0.41448000,0.00000000,1514580479999,0.00000000,0,0.00000000,0.00000000
1514580480000,0.41448000,0.41448000,0.41448000,0.41448000,0.00000000,1514580539999,0.00000000,0,0.00000000,0.00000000
1514580540000,0.41448000,0.41448000,0.41448000,0.41448000,0.00000000,1514580599999,0.00000000,0,0.00000000,0.00000000
1514580600000,0.41448000,0.41448000,0.41448000,0.41448000,0.00000000,1514580659999,0.00000000,0,0.00000000,0.00000000
1514580660000,0.41448000,0.41448000,0.41448000,0.41448000,0.00000000,1514580719999,0.00000000,0,0.00000000,0.00000000
1514580720000,0.41448000,0.41448000,0.41448000,0.41448000,0.00000000,1514580779999,0.00000000,0,0.00000000,0.00000000
1514580780000,0.41448000,0.41448000,0.41448000,0.41448000,0.00000000,1514580839999,0.00000000,0,0.00000000,0.00000000
1514580840000,0.41448000,0.41448000,0.41448000,0.41448000,0.00000000,1514580899999,0.00000000,0,0.00000000,0.00000000
1514580900000,0.41406000,0.41406000,0.41406000,0.41406000,145.24000000,1514580959999,60.13807440,4,145.24000000,60.13807440
1514580960000,0.41406000,0.41406000,0.41406000,0.41406000,128.69000000,1514581019999,53.28538140,2,128.69000000,53.28538140
1514581020000,0.41406000,0.41406000,0.41406000,0.41406000,0.00000000,1514581079999,0.00000000,0,0.00000000,0.00000000
1514581080000,0.41406000,0.41476000,0.41406000,0.41476000,362.23000000,1514581139999,150.13906580,4,362.23000000,150.13906580
1514581140000,0.41476000,0.41498000,0.41476000,0.41498000,159.55000000,1514581199999,66.20985220,7,159.55000000,66.20985220
1514581200000,0.41498000,0.41498000,0.41498000,0.41498000,0.00000000,1514581259999,0.00000000,0,0.00000000,0.00000000
1514581260000,0.41498000,0.41498000,0.41498000,0.41498000,21.00000000,1514581319999,8.71458000,2,21.00000000,8.71458000
1514581320000,0.41498000,0.41501000,0.41498000,0.41501000,368.39000000,1514581379999,152.88330220,9,368.39000000,152.88330220
1514581380000,0.41501000,0.41501000,0.41501000,0.41501000,0.03000000,1514581439999,0.01245030,1,0.03000000,0.01245030
1514581440000,0.41501000,0.41501000,0.41501000,0.41501000,0.00000000,1514581499999,0.00000000,0,0.00000000,0.00000000
1514581500000,0.41501000,0.41501000,0.41501000,0.41501000,0.00000000,1514581559999,0.00000000,0,0.00000000,0.00000000
1514581560000,0.41501000,0.41501000,0.41501000,0.41501000,0.00000000,1514581619999,0.00000000,0,0.00000000,0.00000000
1514581620000,0.41501000,0.41501000,0.41501000,0.41501000,0.00000000,1514581679999,0.00000000,0,0.00000000,0.00000000
1514581680000,0.42494000,0.42494000,0.42494000,0.42494000,130.00000000,1514581739999,55.24220000,2,130.00000000,55.24220000
1514581740000,0.42494000,0.42494000,0.42494000,0.42494000,0.00000000,1514581799999,0.00000000,0,0.00000000,0.00000000
1514581800000,0.42494000,0.42494000,0.42494000,0.42494000,542.57000000,1514581859999,230.55969580,5,542.57000000,230.55969580
1514581860000,0.42495000,0.42495000,0.42495000,0.42495000,2.80000000,1514581919999,1.18986000,1,2.80000000,1.18986000
1514581920000,0.42495000,0.42495000,0.42495000,0.42495000,0.00000000,1514581979999,0.00000000,0,0.00000000,0.00000000
1514581980000,0.42495000,0.42495000,0.42495000,0.42495000,0.00000000,1514582039999,0.00000000,0,0.00000000,0.00000000
1514582040000,0.42495000,0.42495000,0.42495000,0.42495000,0.00000000,1514582099999,0.00000000,0,0.00000000,0.00000000
1514582100000,0.42495000,0.42495000,0.42495000,0.42495000,0.00000000,1514582159999,0.00000000,0,0.00000000,0.00000000
1514582160000,0.42495000,0.42495000,0.42495000,0.42495000,0.00000000,1514582219999,0.00000000,0,0.00000000,0.00000000
1514582220000,0.40453000,0.40453000,0.40453000,0.40453000,50.00000000,1514582279999,20.22650000,1,0.00000000,0.00000000
1514582280000,0.40453000,0.40453000,0.40453000,0.40453000,0.00000000,1514582339999,0.00000000,0,0.00000000,0.00000000
1514582340000,0.40453000,0.40453000,0.40453000,0.40453000,0.00000000,1514582399999,0.00000000,0,0.00000000,0.00000000
1514582400000,0.40453000,0.40453000,0.40453000,0.40453000,0.00000000,1514582459999,0.00000000,0,0.00000000,0.00000000
1514582460000,0.40453000,0.40453000,0.40453000,0.40453000,0.00000000,1514582519999,0.00000000,0,0.00000000,0.00000000
1514582520000,0.40453000,0.40453000,0.40453000,0.40453000,0.00000000,1514582579999,0.00000000,0,0.00000000,0.00000000
1514582580000,0.40453000,0.40453000,0.40453000,0.40453000,0.00000000,1514582639999,0.00000000,0,0.00000000,0.00000000
1514582640000,0.40453000,0.40453000,0.40453000,0.40453000,0.00000000,1514582699999,0.00000000,0,0.00000000,0.00000000
1514582700000,0.40453000,0.40453000,0.40453000,0.40453000,0.00000000,1514582759999,0.00000000,0,0.00000000,0.00000000
1514582760000,0.40475000,0.40475000,0.40475000,0.40475000,110.00000000,1514582819999,44.52250000,1,0.00000000,0.00000000
1514582820000,0.40475000,0.40475000,0.40475000,0.40475000,0.00000000,1514582879999,0.00000000,0,0.00000000,0.00000000
1514582880000,0.40475000,0.40475000,0.40475000,0.40475000,7.21000000,1514582939999,2.91824750,1,0.00000000,0.00000000
1514582940000,0.40475000,0.40475000,0.40475000,0.40475000,0.00000000,1514582999999,0.00000000,0,0.00000000,0.00000000
1514583000000,0.40475000,0.40475000,0.40475000,0.40475000,0.00000000,1514583059999,0.00000000,0,0.00000000,0.00000000
1514583060000,0.40475000,0.40475000,0.40475000,0.40475000,0.00000000,1514583119999,0.00000000,0,0.00000000,0.00000000
1514583120000,0.40475000,0.40475000,0.40475000,0.40475000,0.00000000,1514583179999,0.00000000,0,0.00000000,0.00000000
1514583180000,0.40475000,0.40475000,0.40475000,0.40475000,0.00000000,1514583239999,0.00000000,0,0.00000000,0.00000000
1514583240000,0.40475000,0.40475000,0.40475000,0.40475000,0.00000000,1514583299999,0.00000000,0,0.00000000,0.00000000
1514583300000,0.40475000,0.40475000,0.40475000,0.40475000,5.20000000,1514583359999,2.10470000,1,0.00000000,0.00000000
1514583360000,0.40475000,0.40475000,0.40475000,0.40475000,0.00000000,1514583419999,0.00000000,0,0.00000000,0.00000000
1514583420000,0.40475000,0.40475000,0.40475000,0.40475000,2.85000000,1514583479999,1.15353750,2,0.00000000,0.00000000
1514583480000,0.40475000,0.40475000,0.40475000,0.40475000,0.00000000,1514583539999,0.00000000,0,0.00000000,0.00000000
1514583540000,0.40475000,0.40475000,0.40475000,0.40475000,0.00000000,1514583599999,0.00000000,0,0.00000000,0.00000000
1514583600000,0.40476000,0.40476000,0.40476000,0.40476000,54.07000000,1514583659999,21.88537320,1,0.00000000,0.00000000
1514583660000,0.40476000,0.40476000,0.40476000,0.40476000,0.00000000,1514583719999,0.00000000,0,0.00000000,0.00000000
1514583720000,0.40476000,0.40476000,0.40476000,0.40476000,0.00000000,1514583779999,0.00000000,0,0.00000000,0.00000000
1514583780000,0.40476000,0.40476000,0.40476000,0.40476000,0.00000000,1514583839999,0.00000000,0,0.00000000,0.00000000
1514583840000,0.40476000,0.40476000,0.40476000,0.40476000,0.00000000,1514583899999,0.00000000,0,0.00000000,0.00000000
1514583900000,0.40476000,0.40476000,0.40476000,0.40476000,0.00000000,1514583959999,0.00000000,0,0.00000000,0.00000000
1514583960000,0.40476000,0.40476000,0.40476000,0.40476000,15.00000000,1514584019999,6.07140000,1,0.00000000,0.00000000
1514584020000,0.40476000,0.40476000,0.40476000,0.40476000,0.00000000,1514584079999,0.00000000,0,0.00000000,0.00000000
1514584080000,0.40476000,0.40476000,0.40476000,0.40476000,0.00000000,1514584139999,0.00000000,0,0.00000000,0.00000000
1514584140000,0.40476000,0.40476000,0.40476000,0.40476000,0.00000000,1514584199999,0.00000000,0,0.00000000,0.00000000
1514584200000,0.40476000,0.40476000,0.40476000,0.40476000,0.00000000,1514584259999,0.00000000,0,0.00000000,0.00000000
1514584260000,0.40476000,0.40476000,0.40476000,0.40476000,0.00000000,1514584319999,0.00000000,0,0.00000000,0.00000000
1514584320000,0.40476000,0.40476000,0.40476000,0.40476000,0.00000000,1514584379999,0.00000000,0,0.00000000,0.00000000
1514584380000,0.40476000,0.40476000,0.40476000,0.40476000,0.00000000,1514584439999,0.00000000,0,0.00000000,0.00000000
1514584440000,0.40476000,0.40476000,0.40476000,0.40476000,0.00000000,1514584499999,0.00000000,0,0.00000000,0.00000000
1514584500000,0.40476000,0.40476000,0.40476000,0.40476000,0.00000000,1514584559999,0.00000000,0,0.00000000,0.00000000
1514584560000,0.40476000,0.40476000,0.40476000,0.40476000,0.00000000,1514584619999,0.00000000,0,0.00000000,0.00000000
1514584620000,0.40476000,0.40476000,0.40476000,0.40476000,0.00000000,1514584679999,0.00000000,0,0.00000000,0.00000000
1514584680000,0.40476000,0.40476000,0.40476000,0.40476000,0.00000000,1514584739999,0.00000000,0,0.00000000,0.00000000
1514584740000,0.40476000,0.40476000,0.40476000,0.40476000,0.00000000,1514584799999,0.00000000,0,0.00000000,0.00000000
1514584800000,0.40476000,0.40476000,0.40476000,0.40476000,0.00000000,1514584859999,0.00000000,0,0.00000000,0.00000000
1514584860000,0.40476000,0.40476000,0.40476000,0.40476000,0.00000000,1514584919999,0.00000000,0,0.00000000,0.00000000
1514584920000,0.40476000,0.40476000,0.40476000,0.40476000,0.00000000,1514584979999,0.00000000,0,0.00000000,0.00000000
1514584980000,0.40476000,0.40476000,0.40476000,0.40476000,0.00000000,1514585039999,0.00000000,0,0.00000000,0.00000000
1514585040000,0.40476000,0.40476000,0.40476000,0.40476000,0.00000000,1514585099999,0.00000000,0,0.00000000,0.00000000
1514585100000,0.40476000,0.40476000,0.40476000,0.40476000,0.00000000,1514585159999,0.00000000,0,0.00000000,0.00000000
1514585160000,0.40476000,0.40476000,0.40476000,0.40476000,0.00000000,1514585219999,0.00000000,0,0.00000000,0.00000000
1514585220000,0.40476000,0.40476000,0.40476000,0.40476000,0.00000000,1514585279999,0.00000000,0,0.00000000,0.00000000
1514585280000,0.40476000,0.40476000,0.40476000,0.40476000,0.00000000,1514585339999,0.00000000,0,0.00000000,0.00000000
1514585340000,0.43435000,0.43435000,0.43435000,0.43435000,30.00000000,1514585399999,13.03050000,1,30.00000000,13.03050000
1514585400000,0.43435000,0.43435000,0.43435000,0.43435000,0.00000000,1514585459999,0.00000000,0,0.00000000,0.00000000
1514585460000,0.43345000,0.43345000,0.43345000,0.43345000,46.15000000,1514585519999,20.00371750,1,0.00000000,0.00000000
1514585520000,0.43345000,0.43345000,0.43345000,0.43345000,0.00000000,1514585579999,0.00000000,0,0.00000000,0.00000000
1514585580000,0.43345000,0.43345000,0.43345000,0.43345000,0.00000000,1514585639999,0.00000000,0,0.00000000,0.00000000
1514585640000,0.43345000,0.43345000,0.43345000,0.43345000,0.00000000,1514585699999,0.00000000,0,0.00000000,0.00000000
1514585700000,0.43345000,0.43345000,0.43345000,0.43345000,0.00000000,1514585759999,0.00000000,0,0.00000000,0.00000000
1514585760000,0.43345000,0.43345000,0.43345000,0.43345000,0.00000000,1514585819999,0.00000000,0,0.00000000,0.00000000
1514585820000,0.43345000,0.43345000,0.43345000,0.43345000,0.00000000,1514585879999,0.00000000,0,0.00000000,0.00000000
1514585880000,0.43345000,0.43345000,0.43345000,0.43345000,0.00000000,1514585939999,0.00000000,0,0.00000000,0.00000000
1514585940000,0.43345000,0.43345000,0.43345000,0.43345000,0.00000000,1514585999999,0.00000000,0,0.00000000,0.00000000
1514586000000,0.43345000,0.43345000,0.43345000,0.43345000,0.00000000,1514586059999,0.00000000,0,0.00000000,0.00000000
1514586060000,0.43345000,0.43345000,0.43345000,0.43345000,0.00000000,1514586119999,0.00000000,0,0.00000000,0.00000000
1514586120000,0.43345000,0.43345000,0.43345000,0.43345000,0.00000000,1514586179999,0.00000000,0,0.00000000,0.00000000
1514586180000,0.43345000,0.43345000,0.43345000,0.43345000,0.00000000,1514586239999,0.00000000,0,0.00000000,0.00000000
1514586240000,0.43345000,0.43345000,0.43345000,0.43345000,0.00000000,1514586299999,0.00000000,0,0.00000000,0.00000000
1514586300000,0.40483000,0.40483000,0.40483000,0.40483000,0.01000000,1514586359999,0.00404830,1,0.00000000,0.00000000
1514586360000,0.40483000,0.40483000,0.40483000,0.40483000,0.00000000,1514586419999,0.00000000,0,0.00000000,0.00000000
1514586420000,0.43187000,0.43187000,0.43187000,0.43187000,0.01000000,1514586479999,0.00431870,1,0.01000000,0.00431870
1514586480000,0.43187000,0.43187000,0.43187000,0.43187000,0.00000000,1514586539999,0.00000000,0,0.00000000,0.00000000
1514586540000,0.40483000,0.40483000,0.40483000,0.40483000,3.37000000,1514586599999,1.36427710,1,0.00000000,0.00000000
1514586600000,0.40483000,0.40483000,0.40483000,0.40483000,0.00000000,1514586659999,0.00000000,0,0.00000000,0.00000000
1514586660000,0.40483000,0.40483000,0.40483000,0.40483000,0.00000000,1514586719999,0.00000000,0,0.00000000,0.00000000
1514586720000,0.40483000,0.40483000,0.40483000,0.40483000,0.00000000,1514586779999,0.00000000,0,0.00000000,0.00000000
1514586780000,0.40483000,0.40483000,0.40483000,0.40483000,0.00000000,1514586839999,0.00000000,0,0.00000000,0.00000000
1514586840000,0.40483000,0.40483000,0.40483000,0.40483000,0.00000000,1514586899999,0.00000000,0,0.00000000,0.00000000
1514586900000,0.40483000,0.40483000,0.40483000,0.40483000,0.00000000,1514586959999,0.00000000,0,0.00000000,0.00000000
1514586960000,0.40483000,0.40483000,0.40483000,0.40483000,0.00000000,1514587019999,0.00000000,0,0.00000000,0.00000000
1514587020000,0.40483000,0.40483000,0.40483000,0.40483000,0.00000000,1514587079999,0.00000000,0,0.00000000,0.00000000
1514587080000,0.40483000,0.40483000,0.40483000,0.40483000,0.00000000,1514587139999,0.00000000,0,0.00000000,0.00000000
1514587140000,0.40483000,0.40483000,0.40483000,0.40483000,0.00000000,1514587199999,0.00000000,0,0.00000000,0.00000000
1514587200000,0.40483000,0.40483000,0.40483000,0.40483000,0.00000000,1514587259999,0.00000000,0,0.00000000,0.00000000
1514587260000,0.43139000,0.43139000,0.43139000,0.43139000,10.00000000,1514587319999,4.31390000,1,10.00000000,4.31390000
1514587320000,0.43139000,0.43139000,0.43139000,0.43139000,0.00000000,1514587379999,0.00000000,0,0.00000000,0.00000000
1514587380000,0.43139000,0.43139000,0.43139000,0.43139000,0.00000000,1514587439999,0.00000000,0,0.00000000,0.00000000
1514587440000,0.43139000,0.43139000,0.43139000,0.43139000,0.00000000,1514587499999,0.00000000,0,0.00000000,0.00000000
1514587500000,0.43119000,0.43119000,0.43119000,0.43119000,75.00000000,1514587559999,32.33925000,1,75.00000000,32.33925000
1514587560000,0.43119000,0.43119000,0.43119000,0.43119000,0.00000000,1514587619999,0.00000000,0,0.00000000,0.00000000
1514587620000,0.43119000,0.43119000,0.43119000,0.43119000,0.00000000,1514587679999,0.00000000,0,0.00000000,0.00000000
1514587680000,0.43119000,0.43119000,0.43119000,0.43119000,0.00000000,1514587739999,0.00000000,0,0.00000000,0.00000000
1514587740000,0.43119000,0.43119000,0.43119000,0.43119000,0.00000000,1514587799999,0.00000000,0,0.00000000,0.00000000
1514587800000,0.43119000,0.43119000,0.43119000,0.43119000,0.00000000,1514587859999,0.00000000,0,0.00000000,0.00000000
1514587860000,0.43119000,0.43119000,0.43119000,0.43119000,0.00000000,1514587919999,0.00000000,0,0.00000000,0.00000000
1514587920000,0.43119000,0.43119000,0.43119000,0.43119000,0.00000000,1514587979999,0.00000000,0,0.00000000,0.00000000
1514587980000,0.43119000,0.43119000,0.43119000,0.43119000,0.00000000,1514588039999,0.00000000,0,0.00000000,0.00000000
1514588040000,0.43119000,0.43119000,0.43119000,0.43119000,0.00000000,1514588099999,0.00000000,0,0.00000000,0.00000000
1514588100000,0.43119000,0.43119000,0.43119000,0.43119000,0.00000000,1514588159999,0.00000000,0,0.00000000,0.00000000
1514588160000,0.43119000,0.43119000,0.43119000,0.43119000,0.00000000,1514588219999,0.00000000,0,0.00000000,0.00000000
1514588220000,0.43119000,0.43119000,0.43119000,0.43119000,0.00000000,1514588279999,0.00000000,0,0.00000000,0.00000000
1514588280000,0.43119000,0.43119000,0.43119000,0.43119000,0.00000000,1514588339999,0.00000000,0,0.00000000,0.00000000
1514588340000,0.42777000,0.42777000,0.42777000,0.42777000,56.54000000,1514588399999,24.18611580,1,56.54000000,24.18611580
1514588400000,0.42777000,0.42777000,0.42777000,0.42777000,0.00000000,1514588459999,0.00000000,0,0.00000000,0.00000000
1514588460000,0.42777000,0.42777000,0.42777000,0.42777000,0.00000000,1514588519999,0.00000000,0,0.00000000,0.00000000
1514588520000,0.42777000,0.42777000,0.42777000,0.42777000,0.00000000,1514588579999,0.00000000,0,0.00000000,0.00000000
1514588580000,0.40476000,0.40476000,0.39790000,0.39790000,45.00000000,1514588639999,18.09851570,3,0.00000000,0.00000000
1514588640000,0.39790000,0.39790000,0.39790000,0.39790000,0.00000000,1514588699999,0.00000000,0,0.00000000,0.00000000
1514588700000,0.39790000,0.39790000,0.39790000,0.39790000,0.00000000,1514588759999,0.00000000,0,0.00000000,0.00000000
1514588760000,0.39790000,0.39790000,0.39790000,0.39790000,0.00000000,1514588819999,0.00000000,0,0.00000000,0.00000000
1514588820000,0.39790000,0.39790000,0.39790000,0.39790000,0.00000000,1514588879999,0.00000000,0,0.00000000,0.00000000
1514588880000,0.40011000,0.40011000,0.40011000,0.40011000,102.88000000,1514588939999,41.16331680,1,0.00000000,0.00000000
1514588940000,0.40011000,0.40011000,0.40011000,0.40011000,18.72000000,1514588999999,7.49005920,1,0.00000000,0.00000000
1514589000000,0.40011000,0.40011000,0.40011000,0.40011000,0.00000000,1514589059999,0.00000000,0,0.00000000,0.00000000
1514589060000,0.40011000,0.40011000,0.40011000,0.40011000,0.00000000,1514589119999,0.00000000,0,0.00000000,0.00000000
1514589120000,0.40011000,0.40011000,0.40011000,0.40011000,0.00000000,1514589179999,0.00000000,0,0.00000000,0.00000000
1514589180000,0.40011000,0.40011000,0.40011000,0.40011000,0.00000000,1514589239999,0.00000000,0,0.00000000,0.00000000
1514589240000,0.40011000,0.40011000,0.40011000,0.40011000,0.00000000,1514589299999,0.00000000,0,0.00000000,0.00000000
1514589300000,0.40011000,0.40011000,0.40011000,0.40011000,0.00000000,1514589359999,0.00000000,0,0.00000000,0.00000000
1514589360000,0.40011000,0.40011000,0.40011000,0.40011000,0.00000000,1514589419999,0.00000000,0,0.00000000,0.00000000
1514589420000,0.40043000,0.42616000,0.40043000,0.42616000,13.77000000,1514589479999,5.80544200,2,11.33000000,4.82839280
1514589480000,0.42616000,0.42616000,0.42616000,0.42616000,0.00000000,1514589539999,0.00000000,0,0.00000000,0.00000000
1514589540000,0.42616000,0.42616000,0.42616000,0.42616000,0.00000000,1514589599999,0.00000000,0,0.00000000,0.00000000
1514589600000,0.42616000,0.42616000,0.42616000,0.42616000,0.00000000,1514589659999,0.00000000,0,0.00000000,0.00000000
1514589660000,0.42616000,0.42616000,0.42616000,0.42616000,0.00000000,1514589719999,0.00000000,0,0.00000000,0.00000000
1514589720000,0.42616000,0.42616000,0.42616000,0.42616000,0.00000000,1514589779999,0.00000000,0,0.00000000,0.00000000
1514589780000,0.42589000,0.42589000,0.42589000,0.42589000,2.40000000,1514589839999,1.02213600,1,2.40000000,1.02213600
1514589840000,0.42589000,0.42589000,0.42589000,0.42589000,0.00000000,1514589899999,0.00000000,0,0.00000000,0.00000000
1514589900000,0.42589000,0.42589000,0.42589000,0.42589000,0.00000000,1514589959999,0.00000000,0,0.00000000,0.00000000
1514589960000,0.42589000,0.42589000,0.42589000,0.42589000,0.00000000,1514590019999,0.00000000,0,0.00000000,0.00000000
1514590020000,0.42589000,0.42589000,0.42589000,0.42589000,0.00000000,1514590079999,0.00000000,0,0.00000000,0.00000000
1514590080000,0.42589000,0.42589000,0.42589000,0.42589000,0.00000000,1514590139999,0.00000000,0,0.00000000,0.00000000
1514590140000,0.42589000,0.42589000,0.42589000,0.42589000,0.00000000,1514590199999,0.00000000,0,0.00000000,0.00000000
1514590200000,0.42589000,0.42589000,0.42589000,0.42589000,0.00000000,1514590259999,0.00000000,0,0.00000000,0.00000000
1514590260000,0.42589000,0.42589000,0.42589000,0.42589000,0.00000000,1514590319999,0.00000000,0,0.00000000,0.00000000
1514590320000,0.42589000,0.42589000,0.42589000,0.42589000,0.00000000,1514590379999,0.00000000,0,0.00000000,0.00000000
1514590380000,0.42589000,0.42589000,0.42589000,0.42589000,0.00000000,1514590439999,0.00000000,0,0.00000000,0.00000000
1514590440000,0.42589000,0.42589000,0.42589000,0.42589000,0.00000000,1514590499999,0.00000000,0,0.00000000,0.00000000
1514590500000,0.42589000,0.42589000,0.42589000,0.42589000,0.00000000,1514590559999,0.00000000,0,0.00000000,0.00000000
1514590560000,0.42589000,0.42589000,0.42589000,0.42589000,0.00000000,1514590619999,0.00000000,0,0.00000000,0.00000000
1514590620000,0.42589000,0.42589000,0.42589000,0.42589000,0.00000000,1514590679999,0.00000000,0,0.00000000,0.00000000
1514590680000,0.42589000,0.42589000,0.42589000,0.42589000,0.00000000,1514590739999,0.00000000,0,0.00000000,0.00000000
1514590740000,0.41000000,0.41000000,0.41000000,0.41000000,500.00000000,1514590799999,205.00000000,2,0.00000000,0.00000000
1514590800000,0.41000000,0.41000000,0.41000000,0.41000000,0.00000000,1514590859999,0.00000000,0,0.00000000,0.00000000
1514590860000,0.41000000,0.41000000,0.41000000,0.41000000,43.32000000,1514590919999,17.76120000,1,43.32000000,17.76120000
1514590920000,0.41000000,0.41000000,0.41000000,0.41000000,0.00000000,1514590979999,0.00000000,0,0.00000000,0.00000000
1514590980000,0.41000000,0.41000000,0.41000000,0.41000000,0.00000000,1514591039999,0.00000000,0,0.00000000,0.00000000
1514591040000,0.41000000,0.41000000,0.41000000,0.41000000,0.00000000,1514591099999,0.00000000,0,0.00000000,0.00000000
1514591100000,0.41000000,0.41000000,0.41000000,0.41000000,0.00000000,1514591159999,0.00000000,0,0.00000000,0.00000000
1514591160000,0.40999000,0.40999000,0.40999000,0.40999000,10.00000000,1514591219999,4.09990000,1,10.00000000,4.09990000
1514591220000,0.40999000,0.40999000,0.40999000,0.40999000,0.00000000,1514591279999,0.00000000,0,0.00000000,0.00000000
1514591280000,0.40999000,0.40999000,0.40999000,0.40999000,0.00000000,1514591339999,0.00000000,0,0.00000000,0.00000000
1514591340000,0.40999000,0.40999000,0.40999000,0.40999000,0.00000000,1514591399999,0.00000000,0,0.00000000,0.00000000
1514591400000,0.40999000,0.40999000,0.40999000,0.40999000,0.00000000,1514591459999,0.00000000,0,0.00000000,0.00000000
1514591460000,0.40501000,0.40501000,0.40501000,0.40501000,3.00000000,1514591519999,1.21503000,1,0.00000000,0.00000000
1514591520000,0.40501000,0.40501000,0.40501000,0.40501000,0.00000000,1514591579999,0.00000000,0,0.00000000,0.00000000
1514591580000,0.40501000,0.40501000,0.40501000,0.40501000,0.00000000,1514591639999,0.00000000,0,0.00000000,0.00000000
1514591640000,0.40501000,0.40501000,0.40501000,0.40501000,0.00000000,1514591699999,0.00000000,0,0.00000000,0.00000000
1514591700000,0.40501000,0.40501000,0.40501000,0.40501000,0.00000000,1514591759999,0.00000000,0,0.00000000,0.00000000
1514591760000,0.40501000,0.40501000,0.40501000,0.40501000,0.00000000,1514591819999,0.00000000,0,0.00000000,0.00000000
1514591820000,0.40501000,0.40501000,0.40501000,0.40501000,0.00000000,1514591879999,0.00000000,0,0.00000000,0.00000000
1514591880000,0.39795000,0.39795000,0.39795000,0.39795000,66.33000000,1514591939999,26.39602350,1,0.00000000,0.00000000
1514591940000,0.39795000,0.39795000,0.39795000,0.39795000,0.00000000,1514591999999,0.00000000,0,0.00000000,0.00000000
1514592000000,0.39795000,0.39795000,0.39795000,0.39795000,0.00000000,1514592059999,0.00000000,0,0.00000000,0.00000000
1514592060000,0.40999000,0.40999000,0.40999000,0.40999000,0.21000000,1514592119999,0.08609790,1,0.21000000,0.08609790
1514592120000,0.40999000,0.40999000,0.40999000,0.40999000,0.01000000,1514592179999,0.00409990,1,0.01000000,0.00409990
1514592180000,0.40999000,0.40999000,0.39797000,0.39797000,83.41000000,1514592239999,33.96816470,4,27.77000000,11.38542230
1514592240000,0.39797000,0.39797000,0.39797000,0.39797000,0.00000000,1514592299999,0.00000000,0,0.00000000,0.00000000
1514592300000,0.39797000,0.39797000,0.39797000,0.39797000,0.00000000,1514592359999,0.00000000,0,0.00000000,0.00000000
1514592360000,0.39797000,0.39797000,0.39797000,0.39797000,0.00000000,1514592419999,0.00000000,0,0.00000000,0.00000000
1514592420000,0.39797000,0.39797000,0.39797000,0.39797000,0.00000000,1514592479999,0.00000000,0,0.00000000,0.00000000
1514592480000,0.39823000,0.39823000,0.39823000,0.39823000,4.20000000,1514592539999,1.67256600,1,0.00000000,0.00000000
1514592540000,0.39823000,0.39823000,0.39823000,0.39823000,0.00000000,1514592599999,0.00000000,0,0.00000000,0.00000000
1514592600000,0.39831000,0.39831000,0.39831000,0.39831000,52.60000000,1514592659999,20.95110600,1,0.00000000,0.00000000
1514592660000,0.39831000,0.39831000,0.39831000,0.39831000,0.00000000,1514592719999,0.00000000,0,0.00000000,0.00000000
1514592720000,0.39831000,0.39831000,0.39831000,0.39831000,0.00000000,1514592779999,0.00000000,0,0.00000000,0.00000000
1514592780000,0.39831000,0.39831000,0.39831000,0.39831000,27.39000000,1514592839999,10.90971090,1,27.39000000,10.90971090
1514592840000,0.39831000,0.39831000,0.39831000,0.39831000,0.00000000,1514592899999,0.00000000,0,0.00000000,0.00000000
1514592900000,0.39831000,0.39831000,0.39831000,0.39831000,0.00000000,1514592959999,0.00000000,0,0.00000000,0.00000000
1514592960000,0.39831000,0.39831000,0.39831000,0.39831000,0.00000000,1514593019999,0.00000000,0,0.00000000,0.00000000
1514593020000,0.39831000,0.39831000,0.39831000,0.39831000,0.00000000,1514593079999,0.00000000,0,0.00000000,0.00000000
1514593080000,0.39831000,0.39831000,0.39831000,0.39831000,0.00000000,1514593139999,0.00000000,0,0.00000000,0.00000000
1514593140000,0.39831000,0.39831000,0.39831000,0.39831000,0.00000000,1514593199999,0.00000000,0,0.00000000,0.00000000
1514593200000,0.39831000,0.39831000,0.39831000,0.39831000,0.00000000,1514593259999,0.00000000,0,0.00000000,0.00000000
1514593260000,0.39797000,0.39797000,0.39797000,0.39797000,0.08000000,1514593319999,0.03183760,1,0.00000000,0.00000000
1514593320000,0.39797000,0.39797000,0.39797000,0.39797000,0.00000000,1514593379999,0.00000000,0,0.00000000,0.00000000
1514593380000,0.39797000,0.39797000,0.39797000,0.39797000,0.00000000,1514593439999,0.00000000,0,0.00000000,0.00000000
1514593440000,0.39797000,0.39797000,0.39797000,0.39797000,0.00000000,1514593499999,0.00000000,0,0.00000000,0.00000000
1514593500000,0.39797000,0.39797000,0.39797000,0.39797000,0.00000000,1514593559999,0.00000000,0,0.00000000,0.00000000
1514593560000,0.39805000,0.39805000,0.39805000,0.39805000,15.43000000,1514593619999,6.14191150,1,0.00000000,0.00000000
1514593620000,0.39805000,0.39805000,0.39805000,0.39805000,0.00000000,1514593679999,0.00000000,0,0.00000000,0.00000000
1514593680000,0.39805000,0.39805000,0.39805000,0.39805000,0.00000000,1514593739999,0.00000000,0,0.00000000,0.00000000
1514593740000,0.39805000,0.39805000,0.39805000,0.39805000,0.00000000,1514593799999,0.00000000,0,0.00000000,0.00000000
1514593800000,0.39805000,0.39805000,0.39805000,0.39805000,0.00000000,1514593859999,0.00000000,0,0.00000000,0.00000000
1514593860000,0.39805000,0.39805000,0.39805000,0.39805000,0.00000000,1514593919999,0.00000000,0,0.00000000,0.00000000
1514593920000,0.39805000,0.39805000,0.39805000,0.39805000,0.00000000,1514593979999,0.00000000,0,0.00000000,0.00000000
1514593980000,0.39805000,0.39805000,0.39805000,0.39805000,0.00000000,1514594039999,0.00000000,0,0.00000000,0.00000000
1514594040000,0.39805000,0.39805000,0.39805000,0.39805000,0.00000000,1514594099999,0.00000000,0,0.00000000,0.00000000
1514594100000,0.39805000,0.39805000,0.39805000,0.39805000,0.00000000,1514594159999,0.00000000,0,0.00000000,0.00000000
1514594160000,0.39805000,0.39805000,0.39805000,0.39805000,0.00000000,1514594219999,0.00000000,0,0.00000000,0.00000000
1514594220000,0.39805000,0.39805000,0.39805000,0.39805000,0.00000000,1514594279999,0.00000000,0,0.00000000,0.00000000
1514594280000,0.39805000,0.39805000,0.39805000,0.39805000,0.00000000,1514594339999,0.00000000,0,0.00000000,0.00000000
1514594340000,0.39805000,0.39805000,0.39805000,0.39805000,0.00000000,1514594399999,0.00000000,0,0.00000000,0.00000000
1514594400000,0.39805000,0.39805000,0.39805000,0.39805000,0.00000000,1514594459999,0.00000000,0,0.00000000,0.00000000
1514594460000,0.39805000,0.39805000,0.39805000,0.39805000,0.00000000,1514594519999,0.00000000,0,0.00000000,0.00000000
1514594520000,0.39805000,0.39805000,0.39805000,0.39805000,0.00000000,1514594579999,0.00000000,0,0.00000000,0.00000000
1514594580000,0.39805000,0.39805000,0.39805000,0.39805000,0.00000000,1514594639999,0.00000000,0,0.00000000,0.00000000
1514594640000,0.39805000,0.39805000,0.39805000,0.39805000,0.00000000,1514594699999,0.00000000,0,0.00000000,0.00000000
1514594700000,0.39805000,0.39805000,0.39805000,0.39805000,0.00000000,1514594759999,0.00000000,0,0.00000000,0.00000000
1514594760000,0.39805000,0.39805000,0.39805000,0.39805000,0.00000000,1514594819999,0.00000000,0,0.00000000,0.00000000
1514594820000,0.39805000,0.39805000,0.39805000,0.39805000,0.00000000,1514594879999,0.00000000,0,0.00000000,0.00000000
1514594880000,0.39805000,0.39805000,0.39805000,0.39805000,0.00000000,1514594939999,0.00000000,0,0.00000000,0.00000000
1514594940000,0.39805000,0.39805000,0.39805000,0.39805000,0.00000000,1514594999999,0.00000000,0,0.00000000,0.00000000
1514595000000,0.39805000,0.39805000,0.39805000,0.39805000,0.00000000,1514595059999,0.00000000,0,0.00000000,0.00000000
1514595060000,0.39805000,0.39805000,0.39805000,0.39805000,0.00000000,1514595119999,0.00000000,0,0.00000000,0.00000000
1514595120000,0.39805000,0.39805000,0.39805000,0.39805000,0.00000000,1514595179999,0.00000000,0,0.00000000,0.00000000
1514595180000,0.39805000,0.39805000,0.39805000,0.39805000,0.00000000,1514595239999,0.00000000,0,0.00000000,0.00000000
1514595240000,0.39805000,0.39805000,0.39805000,0.39805000,0.00000000,1514595299999,0.00000000,0,0.00000000,0.00000000
1514595300000,0.39805000,0.39805000,0.39805000,0.39805000,0.00000000,1514595359999,0.00000000,0,0.00000000,0.00000000
1514595360000,0.39805000,0.39805000,0.39805000,0.39805000,0.00000000,1514595419999,0.00000000,0,0.00000000,0.00000000
1514595420000,0.39805000,0.39805000,0.39805000,0.39805000,0.00000000,1514595479999,0.00000000,0,0.00000000,0.00000000
1514595480000,0.39805000,0.39805000,0.39805000,0.39805000,0.00000000,1514595539999,0.00000000,0,0.00000000,0.00000000
1514595540000,0.39805000,0.39805000,0.39805000,0.39805000,0.00000000,1514595599999,0.00000000,0,0.00000000,0.00000000
1514595600000,0.39805000,0.39805000,0.39805000,0.39805000,0.00000000,1514595659999,0.00000000,0,0.00000000,0.00000000
1514595660000,0.39805000,0.39805000,0.39805000,0.39805000,0.00000000,1514595719999,0.00000000,0,0.00000000,0.00000000
1514595720000,0.39805000,0.39805000,0.39805000,0.39805000,0.00000000,1514595779999,0.00000000,0,0.00000000,0.00000000
1514595780000,0.39805000,0.39805000,0.39805000,0.39805000,0.00000000,1514595839999,0.00000000,0,0.00000000,0.00000000
1514595840000,0.39805000,0.39805000,0.39805000,0.39805000,0.00000000,1514595899999,0.00000000,0,0.00000000,0.00000000
1514595900000,0.39805000,0.39805000,0.39805000,0.39805000,0.00000000,1514595959999,0.00000000,0,0.00000000,0.00000000
1514595960000,0.39805000,0.39805000,0.39805000,0.39805000,0.00000000,1514596019999,0.00000000,0,0.00000000,0.00000000
1514596020000,0.39805000,0.39805000,0.39805000,0.39805000,0.00000000,1514596079999,0.00000000,0,0.00000000,0.00000000
1514596080000,0.39805000,0.39805000,0.39805000,0.39805000,0.00000000,1514596139999,0.00000000,0,0.00000000,0.00000000
1514596140000,0.39805000,0.39805000,0.39805000,0.39805000,0.00000000,1514596199999,0.00000000,0,0.00000000,0.00000000
1514596200000,0.39805000,0.39805000,0.39805000,0.39805000,0.00000000,1514596259999,0.00000000,0,0.00000000,0.00000000
1514596260000,0.39805000,0.39805000,0.39805000,0.39805000,0.00000000,1514596319999,0.00000000,0,0.00000000,0.00000000
1514596320000,0.39805000,0.39805000,0.39805000,0.39805000,0.00000000,1514596379999,0.00000000,0,0.00000000,0.00000000
1514596380000,0.39805000,0.39805000,0.39805000,0.39805000,0.00000000,1514596439999,0.00000000,0,0.00000000,0.00000000
1514596440000,0.39805000,0.39805000,0.39805000,0.39805000,0.00000000,1514596499999,0.00000000,0,0.00000000,0.00000000
1514596500000,0.40500000,0.40500000,0.40000000,0.40000000,37.75000000,1514596559999,15.27500000,2,0.00000000,0.00000000
1514596560000,0.40000000,0.40000000,0.40000000,0.40000000,0.04000000,1514596619999,0.01600000,1,0.00000000,0.00000000
1514596620000,0.40000000,0.40000000,0.40000000,0.40000000,0.00000000,1514596679999,0.00000000,0,0.00000000,0.00000000
1514596680000,0.40000000,0.40000000,0.40000000,0.40000000,27.00000000,1514596739999,10.80000000,1,0.00000000,0.00000000
1514596740000,0.40000000,0.40000000,0.40000000,0.40000000,0.00000000,1514596799999,0.00000000,0,0.00000000,0.00000000
1514596800000,0.40000000,0.40000000,0.40000000,0.40000000,0.00000000,1514596859999,0.00000000,0,0.00000000,0.00000000
1514596860000,0.40000000,0.40000000,0.40000000,0.40000000,0.00000000,1514596919999,0.00000000,0,0.00000000,0.00000000
1514596920000,0.40000000,0.40000000,0.40000000,0.40000000,200.32000000,1514596979999,80.12800000,8,0.00000000,0.00000000
1514596980000,0.40000000,0.40000000,0.40000000,0.40000000,69.88000000,1514597039999,27.95200000,3,0.00000000,0.00000000
1514597040000,0.40000000,0.40000000,0.39900000,0.39900000,166.20000000,1514597099999,66.35381000,8,0.00000000,0.00000000
1514597100000,0.39900000,0.39900000,0.39900000,0.39900000,83.00000000,1514597159999,33.11700000,3,0.00000000,0.00000000
1514597160000,0.39805000,0.39805000,0.39805000,0.39805000,58.97000000,1514597219999,23.47300850,1,0.00000000,0.00000000
1514597220000,0.39805000,0.39805000,0.39805000,0.39805000,0.00000000,1514597279999,0.00000000,0,0.00000000,0.00000000
1514597280000,0.39805000,0.39805000,0.39500000,0.39500000,311.65000000,1514597339999,123.83090880,11,0.00000000,0.00000000
1514597340000,0.39500000,0.39500000,0.39500000,0.39500000,0.00000000,1514597399999,0.00000000,0,0.00000000,0.00000000
1514597400000,0.39500000,0.39500000,0.39500000,0.39500000,8.00000000,1514597459999,3.16000000,1,0.00000000,0.00000000
1514597460000,0.39500000,0.39500000,0.39400000,0.39400000,41.78000000,1514597519999,16.46210000,2,0.00000000,0.00000000
1514597520000,0.39500000,0.39500000,0.39500000,0.39500000,4.22000000,1514597579999,1.66690000,1,4.22000000,1.66690000
1514597580000,0.39500000,0.39500000,0.39500000,0.39500000,0.00000000,1514597639999,0.00000000,0,0.00000000,0.00000000
1514597640000,0.39500000,0.39500000,0.39500000,0.39500000,0.00000000,1514597699999,0.00000000,0,0.00000000,0.00000000
1514597700000,0.39500000,0.39500000,0.39500000,0.39500000,0.00000000,1514597759999,0.00000000,0,0.00000000,0.00000000
1514597760000,0.39500000,0.39500000,0.39500000,0.39500000,0.00000000,1514597819999,0.00000000,0,0.00000000,0.00000000
1514597820000,0.39510000,0.39510000,0.39400000,0.39400000,457.15000000,1514597879999,180.57554700,12,36.38000000,14.33372000
1514597880000,0.39500000,0.39600000,0.39400000,0.39500000,172.07000000,1514597939999,67.96574000,7,22.00000000,8.69220000
1514597940000,0.39500000,0.39500000,0.39500000,0.39500000,0.00000000,1514597999999,0.00000000,0,0.00000000,0.00000000
1514598000000,0.39500000,0.39500000,0.39500000,0.39500000,10.00000000,1514598059999,3.95000000,1,0.00000000,0.00000000
1514598060000,0.39500000,0.39790000,0.38700000,0.39789000,560.74000000,1514598119999,219.18010690,17,17.81000000,6.96564690
1514598120000,0.39789000,0.39789000,0.39789000,0.39789000,0.00000000,1514598179999,0.00000000,0,0.00000000,0.00000000
1514598180000,0.39789000,0.39789000,0.39789000,0.39789000,0.00000000,1514598239999,0.00000000,0,0.00000000,0.00000000
1514598240000,0.39789000,0.39789000,0.39789000,0.39789000,0.00000000,1514598299999,0.00000000,0,0.00000000,0.00000000
1514598300000,0.39790000,0.39790000,0.39790000,0.39790000,55.58000000,1514598359999,22.11528200,2,55.58000000,22.11528200
1514598360000,0.39790000,0.39790000,0.39790000,0.39790000,0.00000000,1514598419999,0.00000000,0,0.00000000,0.00000000
1514598420000,0.39999000,0.39999000,0.39999000,0.39999000,12.59000000,1514598479999,5.03587410,1,12.59000000,5.03587410
1514598480000,0.39999000,0.39999000,0.39999000,0.39999000,0.00000000,1514598539999,0.00000000,0,0.00000000,0.00000000
1514598540000,0.39999000,0.39999000,0.39999000,0.39999000,0.00000000,1514598599999,0.00000000,0,0.00000000,0.00000000
1514598600000,0.39999000,0.39999000,0.39999000,0.39999000,0.00000000,1514598659999,0.00000000,0,0.00000000,0.00000000
1514598660000,0.39999000,0.39999000,0.39999000,0.39999000,0.00000000,1514598719999,0.00000000,0,0.00000000,0.00000000
1514598720000,0.39999000,0.39999000,0.39999000,0.39999000,0.00000000,1514598779999,0.00000000,0,0.00000000,0.00000000
1514598780000,0.39999000,0.39999000,0.39999000,0.39999000,0.00000000,1514598839999,0.00000000,0,0.00000000,0.00000000
1514598840000,0.39999000,0.39999000,0.39999000,0.39999000,0.00000000,1514598899999,0.00000000,0,0.00000000,0.00000000
1514598900000,0.39999000,0.39999000,0.39999000,0.39999000,0.00000000,1514598959999,0.00000000,0,0.00000000,0.00000000
1514598960000,0.39698000,0.39698000,0.39698000,0.39698000,21.17000000,1514599019999,8.40406660,1,21.17000000,8.40406660
1514599020000,0.39698000,0.39698000,0.39698000,0.39698000,0.00000000,1514599079999,0.00000000,0,0.00000000,0.00000000
1514599080000,0.39698000,0.39698000,0.39698000,0.39698000,0.00000000,1514599139999,0.00000000,0,0.00000000,0.00000000
1514599140000,0.39698000,0.39698000,0.39698000,0.39698000,0.00000000,1514599199999,0.00000000,0,0.00000000,0.00000000
1514599200000,0.39698000,0.39698000,0.39698000,0.39698000,0.00000000,1514599259999,0.00000000,0,0.00000000,0.00000000
1514599260000,0.39000000,0.39000000,0.39000000,0.39000000,274.22000000,1514599319999,106.94580000,7,274.22000000,106.94580000
1514599320000,0.39000000,0.39000000,0.39000000,0.39000000,2.41000000,1514599379999,0.93990000,1,2.41000000,0.93990000
1514599380000,0.39000000,0.39000000,0.39000000,0.39000000,0.00000000,1514599439999,0.00000000,0,0.00000000,0.00000000
1514599440000,0.39000000,0.39000000,0.39000000,0.39000000,0.00000000,1514599499999,0.00000000,0,0.00000000,0.00000000
1514599500000,0.39000000,0.39000000,0.39000000,0.39000000,0.00000000,1514599559999,0.00000000,0,0.00000000,0.00000000
1514599560000,0.39991000,0.39991000,0.39991000,0.39991000,10.24000000,1514599619999,4.09507840,1,10.24000000,4.09507840
1514599620000,0.38701000,0.38701000,0.38701000,0.38701000,2.60000000,1514599679999,1.00622600,1,0.00000000,0.00000000
1514599680000,0.38701000,0.38701000,0.38600000,0.38600000,246.50000000,1514599739999,95.37241500,4,0.00000000,0.00000000
1514599740000,0.38600000,0.38600000,0.38600000,0.38600000,59.26000000,1514599799999,22.87436000,2,0.00000000,0.00000000
1514599800000,0.38600000,0.38600000,0.38300000,0.38300000,285.74000000,1514599859999,109.71564000,8,0.00000000,0.00000000
1514599860000,0.38211000,0.38211000,0.38200000,0.38200000,144.19000000,1514599919999,55.09158000,3,0.00000000,0.00000000
1514599920000,0.38200000,0.38200000,0.38200000,0.38200000,75.00000000,1514599979999,28.65000000,4,0.00000000,0.00000000
1514599980000,0.38200000,0.38200000,0.38100000,0.38100000,124.95000000,1514600039999,47.62090000,4,0.00000000,0.00000000
1514600040000,0.38000000,0.38291000,0.38000000,0.38291000,135.60000000,1514600099999,51.58948830,4,21.13000000,8.09088830
1514600100000,0.38291000,0.38291000,0.38291000,0.38291000,0.00000000,1514600159999,0.00000000,0,0.00000000,0.00000000
1514600160000,0.38291000,0.38291000,0.38291000,0.38291000,0.00000000,1514600219999,0.00000000,0,0.00000000,0.00000000
1514600220000,0.38291000,0.38291000,0.38291000,0.38291000,0.00000000,1514600279999,0.00000000,0,0.00000000,0.00000000
1514600280000,0.38291000,0.38291000,0.38291000,0.38291000,0.00000000,1514600339999,0.00000000,0,0.00000000,0.00000000
1514600340000,0.38291000,0.38291000,0.38291000,0.38291000,0.00000000,1514600399999,0.00000000,0,0.00000000,0.00000000
1514600400000,0.38291000,0.38291000,0.38291000,0.38291000,0.00000000,1514600459999,0.00000000,0,0.00000000,0.00000000
1514600460000,0.38291000,0.38291000,0.38291000,0.38291000,80.77000000,1514600519999,30.92764070,2,80.77000000,30.92764070
1514600520000,0.38291000,0.38291000,0.38291000,0.38291000,12.53000000,1514600579999,4.79786230,2,0.53000000,0.20294230
1514600580000,0.38291000,0.38291000,0.38291000,0.38291000,0.00000000,1514600639999,0.00000000,0,0.00000000,0.00000000
1514600640000,0.38291000,0.38291000,0.38000000,0.38000000,1.24000000,1514600699999,0.47326610,2,0.00000000,0.00000000
1514600700000,0.38000000,0.38000000,0.38000000,0.38000000,6.00000000,1514600759999,2.28000000,1,6.00000000,2.28000000
1514600760000,0.38000000,0.38000000,0.38000000,0.38000000,0.00000000,1514600819999,0.00000000,0,0.00000000,0.00000000
1514600820000,0.38000000,0.38000000,0.38000000,0.38000000,0.00000000,1514600879999,0.00000000,0,0.00000000,0.00000000
1514600880000,0.38000000,0.38000000,0.38000000,0.38000000,0.00000000,1514600939999,0.00000000,0,0.00000000,0.00000000
1514600940000,0.38300000,0.38300000,0.38300000,0.38300000,59.02000000,1514600999999,22.60466000,5,59.02000000,22.60466000
1514601000000,0.38300000,0.38300000,0.38300000,0.38300000,0.00000000,1514601059999,0.00000000,0,0.00000000,0.00000000
1514601060000,0.38300000,0.38300000,0.38300000,0.38300000,0.00000000,1514601119999,0.00000000,0,0.00000000,0.00000000
1514601120000,0.38300000,0.38300000,0.38300000,0.38300000,0.00000000,1514601179999,0.00000000,0,0.00000000,0.00000000
1514601180000,0.38300000,0.38300000,0.38300000,0.38300000,0.00000000,1514601239999,0.00000000,0,0.00000000,0.00000000
1514601240000,0.38300000,0.38300000,0.38300000,0.38300000,0.00000000,1514601299999,0.00000000,0,0.00000000,0.00000000
1514601300000,0.38300000,0.38300000,0.38300000,0.38300000,0.00000000,1514601359999,0.00000000,0,0.00000000,0.00000000
1514601360000,0.38300000,0.38300000,0.38300000,0.38300000,0.00000000,1514601419999,0.00000000,0,0.00000000,0.00000000
1514601420000,0.38300000,0.38300000,0.38300000,0.38300000,0.00000000,1514601479999,0.00000000,0,0.00000000,0.00000000
1514601480000,0.38300000,0.38300000,0.38300000,0.38300000,0.00000000,1514601539999,0.00000000,0,0.00000000,0.00000000
1514601540000,0.38400000,0.38400000,0.38300000,0.38300000,38.56000000,1514601599999,14.77625600,6,0.00000000,0.00000000
1514601600000,0.38300000,0.38300000,0.38300000,0.38300000,0.90000000,1514601659999,0.34470000,1,0.00000000,0.00000000
1514601660000,0.38300000,0.38300000,0.38300000,0.38300000,0.00000000,1514601719999,0.00000000,0,0.00000000,0.00000000
1514601720000,0.38300000,0.38300000,0.38300000,0.38300000,0.00000000,1514601779999,0.00000000,0,0.00000000,0.00000000
1514601780000,0.37900000,0.37900000,0.37900000,0.37900000,45.00000000,1514601839999,17.05500000,2,0.00000000,0.00000000
1514601840000,0.37900000,0.37900000,0.37800000,0.37800000,91.10000000,1514601899999,34.51080000,6,0.00000000,0.00000000
1514601900000,0.38306000,0.38306000,0.38306000,0.38306000,8.00000000,1514601959999,3.06448000,1,8.00000000,3.06448000
1514601960000,0.37800000,0.37800000,0.37800000,0.37800000,54.56000000,1514602019999,20.62368000,1,0.00000000,0.00000000
1514602020000,0.37800000,0.37800000,0.37800000,0.37800000,0.00000000,1514602079999,0.00000000,0,0.00000000,0.00000000
1514602080000,0.37800000,0.37800000,0.37800000,0.37800000,8.00000000,1514602139999,3.02400000,1,0.00000000,0.00000000
1514602140000,0.37900000,0.37900000,0.37900000,0.37900000,8.32000000,1514602199999,3.15328000,3,8.32000000,3.15328000
1514602200000,0.37900000,0.37900000,0.37900000,0.37900000,0.00000000,1514602259999,0.00000000,0,0.00000000,0.00000000
1514602260000,0.37900000,0.37900000,0.37900000,0.37900000,0.00000000,1514602319999,0.00000000,0,0.00000000,0.00000000
1514602320000,0.37900000,0.37900000,0.37900000,0.37900000,0.00000000,1514602379999,0.00000000,0,0.00000000,0.00000000
1514602380000,0.37900000,0.37900000,0.37900000,0.37900000,0.00000000,1514602439999,0.00000000,0,0.00000000,0.00000000
1514602440000,0.38000000,0.38000000,0.38000000,0.38000000,3.00000000,1514602499999,1.14000000,1,0.00000000,0.00000000
1514602500000,0.38000000,0.38000000,0.38000000,0.38000000,0.00000000,1514602559999,0.00000000,0,0.00000000,0.00000000
1514602560000,0.38000000,0.38000000,0.38000000,0.38000000,0.00000000,1514602619999,0.00000000,0,0.00000000,0.00000000
1514602620000,0.38000000,0.38000000,0.38000000,0.38000000,0.00000000,1514602679999,0.00000000,0,0.00000000,0.00000000
1514602680000,0.38000000,0.38000000,0.38000000,0.38000000,0.00000000,1514602739999,0.00000000,0,0.00000000,0.00000000
1514602740000,0.38000000,0.38000000,0.38000000,0.38000000,2.00000000,1514602799999,0.76000000,1,0.00000000,0.00000000
1514602800000,0.38000000,0.38000000,0.38000000,0.38000000,0.00000000,1514602859999,0.00000000,0,0.00000000,0.00000000
1514602860000,0.38000000,0.38000000,0.38000000,0.38000000,0.00000000,1514602919999,0.00000000,0,0.00000000,0.00000000
1514602920000,0.38000000,0.38000000,0.38000000,0.38000000,0.00000000,1514602979999,0.00000000,0,0.00000000,0.00000000
1514602980000,0.37800000,0.37800000,0.37700000,0.37700000,81.00000000,1514603039999,30.58334000,2,0.00000000,0.00000000
1514603040000,0.37700000,0.37700000,0.37700000,0.37700000,0.00000000,1514603099999,0.00000000,0,0.00000000,0.00000000
1514603100000,0.37700000,0.37700000,0.37700000,0.37700000,0.00000000,1514603159999,0.00000000,0,0.00000000,0.00000000
1514603160000,0.37700000,0.37700000,0.37700000,0.37700000,0.00000000,1514603219999,0.00000000,0,0.00000000,0.00000000
1514603220000,0.37700000,0.37700000,0.37700000,0.37700000,0.00000000,1514603279999,0.00000000,0,0.00000000,0.00000000
1514603280000,0.37700000,0.37700000,0.37700000,0.37700000,3.00000000,1514603339999,1.13100000,1,0.00000000,0.00000000
1514603340000,0.37700000,0.37700000,0.37700000,0.37700000,0.00000000,1514603399999,0.00000000,0,0.00000000,0.00000000
1514603400000,0.37700000,0.37700000,0.37700000,0.37700000,0.00000000,1514603459999,0.00000000,0,0.00000000,0.00000000
1514603460000,0.37700000,0.37700000,0.37700000,0.37700000,0.00000000,1514603519999,0.00000000,0,0.00000000,0.00000000
1514603520000,0.37700000,0.37700000,0.37700000,0.37700000,0.00000000,1514603579999,0.00000000,0,0.00000000,0.00000000
1514603580000,0.38046000,0.38046000,0.38046000,0.38046000,24.97000000,1514603639999,9.50008620,1,24.97000000,9.50008620
1514603640000,0.38046000,0.38046000,0.38046000,0.38046000,0.00000000,1514603699999,0.00000000,0,0.00000000,0.00000000
1514603700000,0.38046000,0.38046000,0.38046000,0.38046000,0.00000000,1514603759999,0.00000000,0,0.00000000,0.00000000
1514603760000,0.38046000,0.38046000,0.38046000,0.38046000,0.00000000,1514603819999,0.00000000,0,0.00000000,0.00000000
1514603820000,0.38046000,0.38046000,0.38046000,0.38046000,0.00000000,1514603879999,0.00000000,0,0.00000000,0.00000000
1514603880000,0.38300000,0.39804000,0.38300000,0.39804000,103.61000000,1514603939999,40.68803080,6,103.61000000,40.68803080
1514603940000,0.38401000,0.38401000,0.38401000,0.38401000,17.00000000,1514603999999,6.52817000,1,0.00000000,0.00000000
1514604000000,0.38401000,0.38401000,0.38401000,0.38401000,0.00000000,1514604059999,0.00000000,0,0.00000000,0.00000000
1514604060000,0.39791000,0.39791000,0.39791000,0.39791000,0.26000000,1514604119999,0.10345660,2,0.26000000,0.10345660
1514604120000,0.39791000,0.39791000,0.39791000,0.39791000,0.00000000,1514604179999,0.00000000,0,0.00000000,0.00000000
1514604180000,0.39791000,0.39791000,0.39791000,0.39791000,0.00000000,1514604239999,0.00000000,0,0.00000000,0.00000000
1514604240000,0.39791000,0.39791000,0.39791000,0.39791000,0.00000000,1514604299999,0.00000000,0,0.00000000,0.00000000
1514604300000,0.39791000,0.39791000,0.39791000,0.39791000,0.00000000,1514604359999,0.00000000,0,0.00000000,0.00000000
1514604360000,0.39791000,0.39791000,0.39791000,0.39791000,0.00000000,1514604419999,0.00000000,0,0.00000000,0.00000000
1514604420000,0.37702000,0.37702000,0.37702000,0.37702000,26.86000000,1514604479999,10.12675720,1,0.00000000,0.00000000
1514604480000,0.37702000,0.37702000,0.37702000,0.37702000,0.00000000,1514604539999,0.00000000,0,0.00000000,0.00000000
1514604540000,0.37702000,0.37702000,0.37702000,0.37702000,0.00000000,1514604599999,0.00000000,0,0.00000000,0.00000000
1514604600000,0.37702000,0.37702000,0.37702000,0.37702000,0.00000000,1514604659999,0.00000000,0,0.00000000,0.00000000
1514604660000,0.37702000,0.37702000,0.37702000,0.37702000,0.00000000,1514604719999,0.00000000,0,0.00000000,0.00000000
1514604720000,0.37702000,0.37702000,0.37702000,0.37702000,0.00000000,1514604779999,0.00000000,0,0.00000000,0.00000000
1514604780000,0.39782000,0.39782000,0.39782000,0.39782000,1.00000000,1514604839999,0.39782000,1,1.00000000,0.39782000
1514604840000,0.39782000,0.39782000,0.39782000,0.39782000,0.00000000,1514604899999,0.00000000,0,0.00000000,0.00000000
1514604900000,0.39782000,0.39782000,0.39782000,0.39782000,0.00000000,1514604959999,0.00000000,0,0.00000000,0.00000000
1514604960000,0.39782000,0.39782000,0.39782000,0.39782000,0.00000000,1514605019999,0.00000000,0,0.00000000,0.00000000
1514605020000,0.39782000,0.39782000,0.39782000,0.39782000,0.00000000,1514605079999,0.00000000,0,0.00000000,0.00000000
1514605080000,0.39782000,0.39782000,0.39782000,0.39782000,0.00000000,1514605139999,0.00000000,0,0.00000000,0.00000000
1514605140000,0.39782000,0.39782000,0.39782000,0.39782000,0.00000000,1514605199999,0.00000000,0,0.00000000,0.00000000
1514605200000,0.39782000,0.39782000,0.39782000,0.39782000,0.00000000,1514605259999,0.00000000,0,0.00000000,0.00000000
1514605260000,0.39782000,0.39782000,0.39782000,0.39782000,0.00000000,1514605319999,0.00000000,0,0.00000000,0.00000000
1514605320000,0.39782000,0.39782000,0.39782000,0.39782000,0.00000000,1514605379999,0.00000000,0,0.00000000,0.00000000
1514605380000,0.39782000,0.39782000,0.39782000,0.39782000,0.00000000,1514605439999,0.00000000,0,0.00000000,0.00000000
1514605440000,0.39782000,0.39782000,0.39782000,0.39782000,0.00000000,1514605499999,0.00000000,0,0.00000000,0.00000000
1514605500000,0.39782000,0.39782000,0.39782000,0.39782000,0.00000000,1514605559999,0.00000000,0,0.00000000,0.00000000
1514605560000,0.39782000,0.39782000,0.39782000,0.39782000,0.00000000,1514605619999,0.00000000,0,0.00000000,0.00000000
1514605620000,0.39782000,0.39782000,0.39782000,0.39782000,0.00000000,1514605679999,0.00000000,0,0.00000000,0.00000000
1514605680000,0.39782000,0.39782000,0.39782000,0.39782000,0.00000000,1514605739999,0.00000000,0,0.00000000,0.00000000
1514605740000,0.39782000,0.39782000,0.39782000,0.39782000,0.00000000,1514605799999,0.00000000,0,0.00000000,0.00000000
1514605800000,0.39782000,0.39782000,0.39782000,0.39782000,0.00000000,1514605859999,0.00000000,0,0.00000000,0.00000000
1514605860000,0.39782000,0.39782000,0.39782000,0.39782000,0.00000000,1514605919999,0.00000000,0,0.00000000,0.00000000
1514605920000,0.39782000,0.39782000,0.39782000,0.39782000,0.00000000,1514605979999,0.00000000,0,0.00000000,0.00000000
1514605980000,0.39782000,0.39782000,0.39782000,0.39782000,0.00000000,1514606039999,0.00000000,0,0.00000000,0.00000000
1514606040000,0.39782000,0.39782000,0.39782000,0.39782000,0.00000000,1514606099999,0.00000000,0,0.00000000,0.00000000
1514606100000,0.39782000,0.39782000,0.39782000,0.39782000,0.00000000,1514606159999,0.00000000,0,0.00000000,0.00000000
1514606160000,0.39782000,0.39782000,0.39782000,0.39782000,0.00000000,1514606219999,0.00000000,0,0.00000000,0.00000000
1514606220000,0.39782000,0.39782000,0.39782000,0.39782000,0.00000000,1514606279999,0.00000000,0,0.00000000,0.00000000
1514606280000,0.39782000,0.39782000,0.39782000,0.39782000,0.00000000,1514606339999,0.00000000,0,0.00000000,0.00000000
1514606340000,0.39782000,0.39782000,0.39782000,0.39782000,0.00000000,1514606399999,0.00000000,0,0.00000000,0.00000000
1514606400000,0.39782000,0.39782000,0.39782000,0.39782000,0.00000000,1514606459999,0.00000000,0,0.00000000,0.00000000
1514606460000,0.39782000,0.39782000,0.39782000,0.39782000,0.00000000,1514606519999,0.00000000,0,0.00000000,0.00000000
1514606520000,0.39782000,0.39782000,0.39782000,0.39782000,0.00000000,1514606579999,0.00000000,0,0.00000000,0.00000000
1514606580000,0.39782000,0.39782000,0.39782000,0.39782000,0.00000000,1514606639999,0.00000000,0,0.00000000,0.00000000
1514606640000,0.39782000,0.39782000,0.39782000,0.39782000,0.00000000,1514606699999,0.00000000,0,0.00000000,0.00000000
1514606700000,0.39782000,0.39782000,0.39782000,0.39782000,0.00000000,1514606759999,0.00000000,0,0.00000000,0.00000000
1514606760000,0.39782000,0.39782000,0.39782000,0.39782000,0.00000000,1514606819999,0.00000000,0,0.00000000,0.00000000
1514606820000,0.39782000,0.39782000,0.39782000,0.39782000,0.00000000,1514606879999,0.00000000,0,0.00000000,0.00000000
1514606880000,0.39782000,0.39782000,0.39782000,0.39782000,0.00000000,1514606939999,0.00000000,0,0.00000000,0.00000000
1514606940000,0.39782000,0.39782000,0.39782000,0.39782000,0.00000000,1514606999999,0.00000000,0,0.00000000,0.00000000
1514607000000,0.39782000,0.39782000,0.39782000,0.39782000,0.00000000,1514607059999,0.00000000,0,0.00000000,0.00000000
1514607060000,0.39782000,0.39782000,0.39782000,0.39782000,0.00000000,1514607119999,0.00000000,0,0.00000000,0.00000000
1514607120000,0.39782000,0.39782000,0.39782000,0.39782000,0.00000000,1514607179999,0.00000000,0,0.00000000,0.00000000
1514607180000,0.39782000,0.39782000,0.39782000,0.39782000,0.00000000,1514607239999,0.00000000,0,0.00000000,0.00000000
1514607240000,0.39782000,0.39782000,0.39782000,0.39782000,0.00000000,1514607299999,0.00000000,0,0.00000000,0.00000000
1514607300000,0.38000000,0.38000000,0.37600000,0.37600000,51.81000000,1514607359999,19.51172000,3,0.00000000,0.00000000
1514607360000,0.37600000,0.37600000,0.37600000,0.37600000,0.00000000,1514607419999,0.00000000,0,0.00000000,0.00000000
1514607420000,0.37600000,0.37600000,0.37600000,0.37600000,0.00000000,1514607479999,0.00000000,0,0.00000000,0.00000000
1514607480000,0.37600000,0.37600000,0.37600000,0.37600000,0.00000000,1514607539999,0.00000000,0,0.00000000,0.00000000
1514607540000,0.37600000,0.37600000,0.37600000,0.37600000,0.00000000,1514607599999,0.00000000,0,0.00000000,0.00000000
1514607600000,0.37600000,0.37600000,0.37600000,0.37600000,100.00000000,1514607659999,37.60000000,2,100.00000000,37.60000000
1514607660000,0.37600000,0.37600000,0.37600000,0.37600000,0.00000000,1514607719999,0.00000000,0,0.00000000,0.00000000
1514607720000,0.37600000,0.37600000,0.37600000,0.37600000,0.00000000,1514607779999,0.00000000,0,0.00000000,0.00000000
1514607780000,0.37600000,0.37600000,0.37600000,0.37600000,0.00000000,1514607839999,0.00000000,0,0.00000000,0.00000000
1514607840000,0.37600000,0.37600000,0.37600000,0.37600000,0.00000000,1514607899999,0.00000000,0,0.00000000,0.00000000
1514607900000,0.37600000,0.37600000,0.37600000,0.37600000,0.00000000,1514607959999,0.00000000,0,0.00000000,0.00000000
1514607960000,0.37600000,0.37600000,0.37600000,0.37600000,0.00000000,1514608019999,0.00000000,0,0.00000000,0.00000000
1514608020000,0.37600000,0.37600000,0.37600000,0.37600000,0.00000000,1514608079999,0.00000000,0,0.00000000,0.00000000
1514608080000,0.37600000,0.37600000,0.37600000,0.37600000,0.00000000,1514608139999,0.00000000,0,0.00000000,0.00000000
1514608140000,0.37600000,0.37600000,0.37600000,0.37600000,0.00000000,1514608199999,0.00000000,0,0.00000000,0.00000000
1514608200000,0.37600000,0.37600000,0.37600000,0.37600000,0.00000000,1514608259999,0.00000000,0,0.00000000,0.00000000
1514608260000,0.37600000,0.37600000,0.37600000,0.37600000,0.00000000,1514608319999,0.00000000,0,0.00000000,0.00000000
1514608320000,0.37600000,0.37600000,0.37600000,0.37600000,0.00000000,1514608379999,0.00000000,0,0.00000000,0.00000000
1514608380000,0.37600000,0.37600000,0.37600000,0.37600000,0.00000000,1514608439999,0.00000000,0,0.00000000,0.00000000
1514608440000,0.37600000,0.37600000,0.37600000,0.37600000,0.00000000,1514608499999,0.00000000,0,0.00000000,0.00000000
1514608500000,0.37600000,0.37600000,0.37600000,0.37600000,0.00000000,1514608559999,0.00000000,0,0.00000000,0.00000000
1514608560000,0.37600000,0.37600000,0.37600000,0.37600000,0.00000000,1514608619999,0.00000000,0,0.00000000,0.00000000
1514608620000,0.37600000,0.37600000,0.37600000,0.37600000,0.00000000,1514608679999,0.00000000,0,0.00000000,0.00000000
1514608680000,0.37600000,0.37600000,0.37600000,0.37600000,0.00000000,1514608739999,0.00000000,0,0.00000000,0.00000000
1514608740000,0.37600000,0.37600000,0.37600000,0.37600000,0.00000000,1514608799999,0.00000000,0,0.00000000,0.00000000
1514608800000,0.37600000,0.37600000,0.37600000,0.37600000,0.00000000,1514608859999,0.00000000,0,0.00000000,0.00000000
1514608860000,0.37600000,0.37600000,0.37600000,0.37600000,0.00000000,1514608919999,0.00000000,0,0.00000000,0.00000000
1514608920000,0.37600000,0.37600000,0.37600000,0.37600000,0.00000000,1514608979999,0.00000000,0,0.00000000,0.00000000
1514608980000,0.37600000,0.37600000,0.37600000,0.37600000,0.00000000,1514609039999,0.00000000,0,0.00000000,0.00000000
1514609040000,0.37600000,0.37600000,0.37600000,0.37600000,0.00000000,1514609099999,0.00000000,0,0.00000000,0.00000000
1514609100000,0.37600000,0.37600000,0.37600000,0.37600000,0.00000000,1514609159999,0.00000000,0,0.00000000,0.00000000
1514609160000,0.37600000,0.37600000,0.37600000,0.37600000,0.00000000,1514609219999,0.00000000,0,0.00000000,0.00000000
1514609220000,0.37600000,0.37600000,0.37600000,0.37600000,0.00000000,1514609279999,0.00000000,0,0.00000000,0.00000000
1514609280000,0.37600000,0.37600000,0.37600000,0.37600000,0.00000000,1514609339999,0.00000000,0,0.00000000,0.00000000
1514609340000,0.37600000,0.37600000,0.37600000,0.37600000,0.00000000,1514609399999,0.00000000,0,0.00000000,0.00000000
1514609400000,0.37600000,0.37600000,0.37600000,0.37600000,0.00000000,1514609459999,0.00000000,0,0.00000000,0.00000000
1514609460000,0.37600000,0.37600000,0.37600000,0.37600000,0.00000000,1514609519999,0.00000000,0,0.00000000,0.00000000
1514609520000,0.37600000,0.37600000,0.37600000,0.37600000,0.00000000,1514609579999,0.00000000,0,0.00000000,0.00000000
1514609580000,0.37600000,0.37600000,0.37600000,0.37600000,0.00000000,1514609639999,0.00000000,0,0.00000000,0.00000000
1514609640000,0.37600000,0.37600000,0.37600000,0.37600000,0.00000000,1514609699999,0.00000000,0,0.00000000,0.00000000
1514609700000,0.37600000,0.37600000,0.37600000,0.37600000,0.00000000,1514609759999,0.00000000,0,0.00000000,0.00000000
1514609760000,0.37700000,0.37700000,0.37700000,0.37700000,3.49000000,1514609819999,1.31573000,1,0.00000000,0.00000000
1514609820000,0.37700000,0.37700000,0.37700000,0.37700000,0.00000000,1514609879999,0.00000000,0,0.00000000,0.00000000
1514609880000,0.37700000,0.37700000,0.37700000,0.37700000,0.00000000,1514609939999,0.00000000,0,0.00000000,0.00000000
1514609940000,0.37700000,0.37700000,0.37700000,0.37700000,0.00000000,1514609999999,0.00000000,0,0.00000000,0.00000000
1514610000000,0.37700000,0.37700000,0.37700000,0.37700000,0.00000000,1514610059999,0.00000000,0,0.00000000,0.00000000
1514610060000,0.37700000,0.37700000,0.37700000,0.37700000,0.00000000,1514610119999,0.00000000,0,0.00000000,0.00000000
1514610120000,0.37700000,0.37700000,0.37700000,0.37700000,3.99000000,1514610179999,1.50423000,1,0.00000000,0.00000000
1514610180000,0.37700000,0.37700000,0.37700000,0.37700000,0.00000000,1514610239999,0.00000000,0,0.00000000,0.00000000
1514610240000,0.37700000,0.37700000,0.37700000,0.37700000,0.00000000,1514610299999,0.00000000,0,0.00000000,0.00000000
1514610300000,0.37700000,0.37700000,0.37700000,0.37700000,0.00000000,1514610359999,0.00000000,0,0.00000000,0.00000000
1514610360000,0.37700000,0.37700000,0.37700000,0.37700000,0.00000000,1514610419999,0.00000000,0,0.00000000,0.00000000
1514610420000,0.37700000,0.37700000,0.37700000,0.37700000,0.00000000,1514610479999,0.00000000,0,0.00000000,0.00000000
1514610480000,0.37700000,0.37700000,0.37700000,0.37700000,0.00000000,1514610539999,0.00000000,0,0.00000000,0.00000000
1514610540000,0.37700000,0.37700000,0.37700000,0.37700000,4.00000000,1514610599999,1.50800000,1,0.00000000,0.00000000
1514610600000,0.37700000,0.37700000,0.37700000,0.37700000,0.00000000,1514610659999,0.00000000,0,0.00000000,0.00000000
1514610660000,0.37700000,0.37700000,0.37700000,0.37700000,0.00000000,1514610719999,0.00000000,0,0.00000000,0.00000000
1514610720000,0.37700000,0.37700000,0.37700000,0.37700000,0.00000000,1514610779999,0.00000000,0,0.00000000,0.00000000
1514610780000,0.39684000,0.39684000,0.39684000,0.39684000,59.32000000,1514610839999,23.54054880,2,59.32000000,23.54054880
1514610840000,0.37701000,0.37701000,0.37701000,0.37701000,14.13000000,1514610899999,5.32715130,1,0.00000000,0.00000000
1514610900000,0.37701000,0.37701000,0.37701000,0.37701000,0.00000000,1514610959999,0.00000000,0,0.00000000,0.00000000
1514610960000,0.37701000,0.37701000,0.37701000,0.37701000,0.00000000,1514611019999,0.00000000,0,0.00000000,0.00000000
1514611020000,0.37701000,0.37701000,0.37701000,0.37701000,0.00000000,1514611079999,0.00000000,0,0.00000000,0.00000000
1514611080000,0.37701000,0.37701000,0.37701000,0.37701000,0.00000000,1514611139999,0.00000000,0,0.00000000,0.00000000
1514611140000,0.37701000,0.37701000,0.37701000,0.37701000,0.00000000,1514611199999,0.00000000,0,0.00000000,0.00000000
1514611200000,0.37701000,0.37701000,0.37701000,0.37701000,0.00000000,1514611259999,0.00000000,0,0.00000000,0.00000000
1514611260000,0.37701000,0.37701000,0.37701000,0.37701000,0.00000000,1514611319999,0.00000000,0,0.00000000,0.00000000
1514611320000,0.37701000,0.37701000,0.37701000,0.37701000,0.00000000,1514611379999,0.00000000,0,0.00000000,0.00000000
1514611380000,0.37701000,0.37701000,0.37701000,0.37701000,0.00000000,1514611439999,0.00000000,0,0.00000000,0.00000000
1514611440000,0.37701000,0.37701000,0.37701000,0.37701000,0.00000000,1514611499999,0.00000000,0,0.00000000,0.00000000
1514611500000,0.37701000,0.37701000,0.37701000,0.37701000,0.00000000,1514611559999,0.00000000,0,0.00000000,0.00000000
1514611560000,0.37701000,0.37701000,0.37701000,0.37701000,0.00000000,1514611619999,0.00000000,0,0.00000000,0.00000000
1514611620000,0.37701000,0.37701000,0.37701000,0.37701000,0.00000000,1514611679999,0.00000000,0,0.00000000,0.00000000
1514611680000,0.37701000,0.37701000,0.37701000,0.37701000,0.00000000,1514611739999,0.00000000,0,0.00000000,0.00000000
1514611740000,0.37701000,0.37701000,0.37701000,0.37701000,0.00000000,1514611799999,0.00000000,0,0.00000000,0.00000000
1514611800000,0.37701000,0.37701000,0.37701000,0.37701000,0.00000000,1514611859999,0.00000000,0,0.00000000,0.00000000
1514611860000,0.37701000,0.37701000,0.37701000,0.37701000,0.00000000,1514611919999,0.00000000,0,0.00000000,0.00000000
1514611920000,0.39627000,0.39627000,0.39627000,0.39627000,125.00000000,1514611979999,49.53375000,1,125.00000000,49.53375000
1514611980000,0.39627000,0.39627000,0.39627000,0.39627000,0.00000000,1514612039999,0.00000000,0,0.00000000,0.00000000
1514612040000,0.39627000,0.39627000,0.39627000,0.39627000,0.00000000,1514612099999,0.00000000,0,0.00000000,0.00000000
1514612100000,0.39627000,0.39627000,0.39627000,0.39627000,0.00000000,1514612159999,0.00000000,0,0.00000000,0.00000000
1514612160000,0.39627000,0.39627000,0.39627000,0.39627000,0.00000000,1514612219999,0.00000000,0,0.00000000,0.00000000
1514612220000,0.39627000,0.39627000,0.39627000,0.39627000,0.00000000,1514612279999,0.00000000,0,0.00000000,0.00000000
1514612280000,0.39627000,0.39627000,0.39627000,0.39627000,0.00000000,1514612339999,0.00000000,0,0.00000000,0.00000000
1514612340000,0.39627000,0.39627000,0.39627000,0.39627000,0.00000000,1514612399999,0.00000000,0,0.00000000,0.00000000
1514612400000,0.39627000,0.39627000,0.39627000,0.39627000,0.00000000,1514612459999,0.00000000,0,0.00000000,0.00000000
1514612460000,0.39627000,0.39627000,0.39627000,0.39627000,0.00000000,1514612519999,0.00000000,0,0.00000000,0.00000000
1514612520000,0.39627000,0.39627000,0.39627000,0.39627000,0.00000000,1514612579999,0.00000000,0,0.00000000,0.00000000
1514612580000,0.39627000,0.39627000,0.39627000,0.39627000,0.00000000,1514612639999,0.00000000,0,0.00000000,0.00000000
1514612640000,0.39577000,0.39577000,0.39577000,0.39577000,0.28000000,1514612699999,0.11081560,1,0.28000000,0.11081560
1514612700000,0.39577000,0.39577000,0.39577000,0.39577000,0.00000000,1514612759999,0.00000000,0,0.00000000,0.00000000
1514612760000,0.39577000,0.39577000,0.39577000,0.39577000,0.00000000,1514612819999,0.00000000,0,0.00000000,0.00000000
1514612820000,0.39577000,0.39577000,0.39577000,0.39577000,0.00000000,1514612879999,0.00000000,0,0.00000000,0.00000000
1514612880000,0.39577000,0.39577000,0.39577000,0.39577000,0.00000000,1514612939999,0.00000000,0,0.00000000,0.00000000
1514612940000,0.39577000,0.39577000,0.39577000,0.39577000,0.00000000,1514612999999,0.00000000,0,0.00000000,0.00000000
1514613000000,0.37730000,0.37730000,0.37730000,0.37730000,4.87000000,1514613059999,1.83745100,1,0.00000000,0.00000000
1514613060000,0.37730000,0.37730000,0.37730000,0.37730000,0.00000000,1514613119999,0.00000000,0,0.00000000,0.00000000
1514613120000,0.37730000,0.37730000,0.37730000,0.37730000,0.00000000,1514613179999,0.00000000,0,0.00000000,0.00000000
1514613180000,0.37730000,0.37730000,0.37730000,0.37730000,0.00000000,1514613239999,0.00000000,0,0.00000000,0.00000000
1514613240000,0.37730000,0.37730000,0.37730000,0.37730000,0.00000000,1514613299999,0.00000000,0,0.00000000,0.00000000
1514613300000,0.37730000,0.37730000,0.37730000,0.37730000,0.00000000,1514613359999,0.00000000,0,0.00000000,0.00000000
1514613360000,0.37730000,0.37730000,0.37730000,0.37730000,0.00000000,1514613419999,0.00000000,0,0.00000000,0.00000000
1514613420000,0.39523000,0.39523000,0.39523000,0.39523000,4.00000000,1514613479999,1.58092000,1,4.00000000,1.58092000
1514613480000,0.39523000,0.39523000,0.39523000,0.39523000,0.00000000,1514613539999,0.00000000,0,0.00000000,0.00000000
1514613540000,0.39523000,0.39523000,0.39523000,0.39523000,0.00000000,1514613599999,0.00000000,0,0.00000000,0.00000000
1514613600000,0.39523000,0.39523000,0.39523000,0.39523000,0.00000000,1514613659999,0.00000000,0,0.00000000,0.00000000
1514613660000,0.39523000,0.39523000,0.39523000,0.39523000,0.00000000,1514613719999,0.00000000,0,0.00000000,0.00000000
1514613720000,0.39523000,0.39523000,0.39523000,0.39523000,0.00000000,1514613779999,0.00000000,0,0.00000000,0.00000000
1514613780000,0.39523000,0.39523000,0.39523000,0.39523000,0.00000000,1514613839999,0.00000000,0,0.00000000,0.00000000
1514613840000,0.39523000,0.39523000,0.39523000,0.39523000,0.00000000,1514613899999,0.00000000,0,0.00000000,0.00000000
1514613900000,0.38069000,0.38069000,0.37768000,0.37768000,74.99000000,1514613959999,28.34055410,2,0.00000000,0.00000000
1514613960000,0.37768000,0.37768000,0.37768000,0.37768000,0.00000000,1514614019999,0.00000000,0,0.00000000,0.00000000
1514614020000,0.37768000,0.37768000,0.37768000,0.37768000,0.00000000,1514614079999,0.00000000,0,0.00000000,0.00000000
1514614080000,0.37768000,0.37768000,0.37768000,0.37768000,0.00000000,1514614139999,0.00000000,0,0.00000000,0.00000000
1514614140000,0.37768000,0.37768000,0.37768000,0.37768000,0.00000000,1514614199999,0.00000000,0,0.00000000,0.00000000
1514614200000,0.37769000,0.37769000,0.37768000,0.37768000,20.00000000,1514614259999,7.55367300,2,0.00000000,0.00000000
1514614260000,0.37768000,0.37768000,0.37768000,0.37768000,0.00000000,1514614319999,0.00000000,0,0.00000000,0.00000000
1514614320000,0.37768000,0.37768000,0.37768000,0.37768000,0.00000000,1514614379999,0.00000000,0,0.00000000,0.00000000
1514614380000,0.37768000,0.37768000,0.37768000,0.37768000,0.00000000,1514614439999,0.00000000,0,0.00000000,0.00000000
1514614440000,0.37768000,0.37768000,0.37768000,0.37768000,0.00000000,1514614499999,0.00000000,0,0.00000000,0.00000000
1514614500000,0.37768000,0.37768000,0.37768000,0.37768000,0.00000000,1514614559999,0.00000000,0,0.00000000,0.00000000
1514614560000,0.37768000,0.37768000,0.37768000,0.37768000,0.00000000,1514614619999,0.00000000,0,0.00000000,0.00000000
1514614620000,0.37768000,0.37768000,0.37768000,0.37768000,0.00000000,1514614679999,0.00000000,0,0.00000000,0.00000000
1514614680000,0.37768000,0.37768000,0.37768000,0.37768000,0.00000000,1514614739999,0.00000000,0,0.00000000,0.00000000
1514614740000,0.37768000,0.37768000,0.37768000,0.37768000,0.00000000,1514614799999,0.00000000,0,0.00000000,0.00000000
1514614800000,0.37768000,0.37768000,0.37768000,0.37768000,0.00000000,1514614859999,0.00000000,0,0.00000000,0.00000000
1514614860000,0.39400000,0.39400000,0.39400000,0.39400000,2.41000000,1514614919999,0.94954000,1,2.41000000,0.94954000
1514614920000,0.39400000,0.39400000,0.39400000,0.39400000,0.00000000,1514614979999,0.00000000,0,0.00000000,0.00000000
1514614980000,0.37755000,0.37755000,0.37755000,0.37755000,5.00000000,1514615039999,1.88775000,1,0.00000000,0.00000000
1514615040000,0.39400000,0.39400000,0.39400000,0.39400000,4.11000000,1514615099999,1.61934000,1,4.11000000,1.61934000
1514615100000,0.39400000,0.39400000,0.39400000,0.39400000,0.00000000,1514615159999,0.00000000,0,0.00000000,0.00000000
1514615160000,0.39400000,0.39400000,0.39400000,0.39400000,0.00000000,1514615219999,0.00000000,0,0.00000000,0.00000000
1514615220000,0.39400000,0.39400000,0.39400000,0.39400000,0.00000000,1514615279999,0.00000000,0,0.00000000,0.00000000
1514615280000,0.39400000,0.39400000,0.39400000,0.39400000,0.00000000,1514615339999,0.00000000,0,0.00000000,0.00000000
1514615340000,0.39400000,0.39400000,0.39400000,0.39400000,0.00000000,1514615399999,0.00000000,0,0.00000000,0.00000000
1514615400000,0.39400000,0.39400000,0.39400000,0.39400000,0.00000000,1514615459999,0.00000000,0,0.00000000,0.00000000
1514615460000,0.39400000,0.39400000,0.39400000,0.39400000,0.00000000,1514615519999,0.00000000,0,0.00000000,0.00000000
1514615520000,0.39400000,0.39400000,0.39400000,0.39400000,0.00000000,1514615579999,0.00000000,0,0.00000000,0.00000000
1514615580000,0.39400000,0.39400000,0.39400000,0.39400000,0.00000000,1514615639999,0.00000000,0,0.00000000,0.00000000
1514615640000,0.39400000,0.39400000,0.39400000,0.39400000,0.00000000,1514615699999,0.00000000,0,0.00000000,0.00000000
1514615700000,0.39400000,0.39400000,0.39400000,0.39400000,0.00000000,1514615759999,0.00000000,0,0.00000000,0.00000000
1514615760000,0.39400000,0.39400000,0.39400000,0.39400000,0.00000000,1514615819999,0.00000000,0,0.00000000,0.00000000
1514615820000,0.39400000,0.39400000,0.39400000,0.39400000,10.00000000,1514615879999,3.94000000,2,6.18000000,2.43492000
1514615880000,0.39400000,0.39400000,0.39400000,0.39400000,0.00000000,1514615939999,0.00000000,0,0.00000000,0.00000000
1514615940000,0.39400000,0.39400000,0.39400000,0.39400000,0.00000000,1514615999999,0.00000000,0,0.00000000,0.00000000
1514616000000,0.39400000,0.39400000,0.39400000,0.39400000,0.00000000,1514616059999,0.00000000,0,0.00000000,0.00000000
1514616060000,0.39400000,0.39400000,0.39400000,0.39400000,0.00000000,1514616119999,0.00000000,0,0.00000000,0.00000000
1514616120000,0.39400000,0.39400000,0.39400000,0.39400000,0.00000000,1514616179999,0.00000000,0,0.00000000,0.00000000
1514616180000,0.39401000,0.39401000,0.39401000,0.39401000,80.00000000,1514616239999,31.52080000,1,0.00000000,0.00000000
1514616240000,0.39401000,0.39401000,0.39401000,0.39401000,0.00000000,1514616299999,0.00000000,0,0.00000000,0.00000000
1514616300000,0.39401000,0.39401000,0.39401000,0.39401000,0.00000000,1514616359999,0.00000000,0,0.00000000,0.00000000
1514616360000,0.39401000,0.39401000,0.39401000,0.39401000,0.00000000,1514616419999,0.00000000,0,0.00000000,0.00000000
1514616420000,0.39401000,0.39401000,0.39401000,0.39401000,0.00000000,1514616479999,0.00000000,0,0.00000000,0.00000000
1514616480000,0.39401000,0.39401000,0.39401000,0.39401000,0.00000000,1514616539999,0.00000000,0,0.00000000,0.00000000
1514616540000,0.39401000,0.39401000,0.39401000,0.39401000,0.00000000,1514616599999,0.00000000,0,0.00000000,0.00000000
1514616600000,0.39401000,0.39401000,0.39401000,0.39401000,0.00000000,1514616659999,0.00000000,0,0.00000000,0.00000000
1514616660000,0.39401000,0.39401000,0.39401000,0.39401000,0.00000000,1514616719999,0.00000000,0,0.00000000,0.00000000
1514616720000,0.39401000,0.39401000,0.39401000,0.39401000,0.00000000,1514616779999,0.00000000,0,0.00000000,0.00000000
1514616780000,0.39401000,0.39401000,0.39401000,0.39401000,0.00000000,1514616839999,0.00000000,0,0.00000000,0.00000000
1514616840000,0.39401000,0.39401000,0.39401000,0.39401000,0.00000000,1514616899999,0.00000000,0,0.00000000,0.00000000
1514616900000,0.39401000,0.39401000,0.39401000,0.39401000,10.20000000,1514616959999,4.01890200,2,0.00000000,0.00000000
1514616960000,0.39401000,0.39401000,0.39401000,0.39401000,0.00000000,1514617019999,0.00000000,0,0.00000000,0.00000000
1514617020000,0.39401000,0.39401000,0.39401000,0.39401000,0.00000000,1514617079999,0.00000000,0,0.00000000,0.00000000
1514617080000,0.39401000,0.39401000,0.39401000,0.39401000,0.00000000,1514617139999,0.00000000,0,0.00000000,0.00000000
1514617140000,0.39401000,0.39401000,0.39401000,0.39401000,0.00000000,1514617199999,0.00000000,0,0.00000000,0.00000000
1514617200000,0.39401000,0.39401000,0.39401000,0.39401000,0.00000000,1514617259999,0.00000000,0,0.00000000,0.00000000
1514617260000,0.39401000,0.39401000,0.39401000,0.39401000,0.00000000,1514617319999,0.00000000,0,0.00000000,0.00000000
1514617320000,0.39401000,0.39401000,0.39401000,0.39401000,0.00000000,1514617379999,0.00000000,0,0.00000000,0.00000000
1514617380000,0.39401000,0.39401000,0.39401000,0.39401000,0.00000000,1514617439999,0.00000000,0,0.00000000,0.00000000
1514617440000,0.39401000,0.39401000,0.39401000,0.39401000,0.00000000,1514617499999,0.00000000,0,0.00000000,0.00000000
1514617500000,0.39401000,0.39401000,0.39401000,0.39401000,0.00000000,1514617559999,0.00000000,0,0.00000000,0.00000000
1514617560000,0.39401000,0.39401000,0.39401000,0.39401000,0.00000000,1514617619999,0.00000000,0,0.00000000,0.00000000
1514617620000,0.39395000,0.39395000,0.39395000,0.39395000,7.00000000,1514617679999,2.75765000,1,7.00000000,2.75765000
1514617680000,0.39401000,0.39401000,0.39401000,0.39401000,9.00000000,1514617739999,3.54609000,1,9.00000000,3.54609000
1514617740000,0.39401000,0.39401000,0.39401000,0.39401000,0.00000000,1514617799999,0.00000000,0,0.00000000,0.00000000
1514617800000,0.39401000,0.39401000,0.39401000,0.39401000,0.08000000,1514617859999,0.03152080,1,0.08000000,0.03152080
1514617860000,0.39401000,0.39401000,0.39401000,0.39401000,0.00000000,1514617919999,0.00000000,0,0.00000000,0.00000000
1514617920000,0.39401000,0.39401000,0.39401000,0.39401000,0.00000000,1514617979999,0.00000000,0,0.00000000,0.00000000
1514617980000,0.39401000,0.39401000,0.39401000,0.39401000,0.00000000,1514618039999,0.00000000,0,0.00000000,0.00000000
1514618040000,0.39401000,0.39401000,0.39401000,0.39401000,0.00000000,1514618099999,0.00000000,0,0.00000000,0.00000000
1514618100000,0.39401000,0.39401000,0.39401000,0.39401000,0.00000000,1514618159999,0.00000000,0,0.00000000,0.00000000
1514618160000,0.39401000,0.39401000,0.39401000,0.39401000,0.00000000,1514618219999,0.00000000,0,0.00000000,0.00000000
1514618220000,0.39805000,0.39805000,0.39805000,0.39805000,154.80000000,1514618279999,61.61814000,3,5.09000000,2.02607450
1514618280000,0.39950000,0.39950000,0.39950000,0.39950000,77.95000000,1514618339999,31.14102500,2,5.30000000,2.11735000
1514618340000,0.39950000,0.39950000,0.39950000,0.39950000,0.00000000,1514618399999,0.00000000,0,0.00000000,0.00000000
1514618400000,0.39940000,0.39942000,0.39940000,0.39942000,113.83000000,1514618459999,45.46453860,2,113.83000000,45.46453860
1514618460000,0.39942000,0.39942000,0.39942000,0.39942000,0.00000000,1514618519999,0.00000000,0,0.00000000,0.00000000
1514618520000,0.39942000,0.39942000,0.39942000,0.39942000,0.00000000,1514618579999,0.00000000,0,0.00000000,0.00000000
1514618580000,0.39942000,0.39942000,0.39942000,0.39942000,0.00000000,1514618639999,0.00000000,0,0.00000000,0.00000000
1514618640000,0.39942000,0.39942000,0.39942000,0.39942000,0.00000000,1514618699999,0.00000000,0,0.00000000,0.00000000
1514618700000,0.39942000,0.39942000,0.39942000,0.39942000,0.00000000,1514618759999,0.00000000,0,0.00000000,0.00000000
1514618760000,0.39942000,0.39942000,0.39942000,0.39942000,0.00000000,1514618819999,0.00000000,0,0.00000000,0.00000000
1514618820000,0.39942000,0.39942000,0.39942000,0.39942000,0.00000000,1514618879999,0.00000000,0,0.00000000,0.00000000
1514618880000,0.39942000,0.39942000,0.39942000,0.39942000,0.00000000,1514618939999,0.00000000,0,0.00000000,0.00000000
1514618940000,0.39942000,0.39942000,0.39942000,0.39942000,0.00000000,1514618999999,0.00000000,0,0.00000000,0.00000000
1514619000000,0.39942000,0.39942000,0.39942000,0.39942000,0.00000000,1514619059999,0.00000000,0,0.00000000,0.00000000
1514619060000,0.39942000,0.39942000,0.39942000,0.39942000,0.00000000,1514619119999,0.00000000,0,0.00000000,0.00000000
1514619120000,0.39942000,0.39942000,0.39942000,0.39942000,0.00000000,1514619179999,0.00000000,0,0.00000000,0.00000000
1514619180000,0.39942000,0.39942000,0.39942000,0.39942000,0.00000000,1514619239999,0.00000000,0,0.00000000,0.00000000
1514619240000,0.39942000,0.39942000,0.39942000,0.39942000,0.00000000,1514619299999,0.00000000,0,0.00000000,0.00000000
1514619300000,0.39942000,0.39942000,0.39942000,0.39942000,0.00000000,1514619359999,0.00000000,0,0.00000000,0.00000000
1514619360000,0.39942000,0.39942000,0.39942000,0.39942000,0.00000000,1514619419999,0.00000000,0,0.00000000,0.00000000
1514619420000,0.39942000,0.39942000,0.39942000,0.39942000,0.00000000,1514619479999,0.00000000,0,0.00000000,0.00000000
1514619480000,0.39942000,0.39942000,0.39942000,0.39942000,80.00000000,1514619539999,31.95360000,1,80.00000000,31.95360000
1514619540000,0.39942000,0.39942000,0.39942000,0.39942000,244.36000000,1514619599999,97.60227120,2,244.36000000,97.60227120
1514619600000,0.39942000,0.39942000,0.39942000,0.39942000,0.00000000,1514619659999,0.00000000,0,0.00000000,0.00000000
1514619660000,0.39942000,0.39942000,0.39942000,0.39942000,0.00000000,1514619719999,0.00000000,0,0.00000000,0.00000000
1514619720000,0.39942000,0.39942000,0.39942000,0.39942000,0.00000000,1514619779999,0.00000000,0,0.00000000,0.00000000
1514619780000,0.39942000,0.39942000,0.39942000,0.39942000,0.00000000,1514619839999,0.00000000,0,0.00000000,0.00000000
1514619840000,0.39950000,0.39999000,0.39942000,0.39942000,811.89000000,1514619899999,324.70490080,14,801.89000000,320.71070080
1514619900000,0.39942000,0.39942000,0.39942000,0.39942000,0.00000000,1514619959999,0.00000000,0,0.00000000,0.00000000
1514619960000,0.39942000,0.39942000,0.39942000,0.39942000,0.00000000,1514620019999,0.00000000,0,0.00000000,0.00000000
1514620020000,0.39942000,0.39942000,0.39942000,0.39942000,0.00000000,1514620079999,0.00000000,0,0.00000000,0.00000000
1514620080000,0.39942000,0.39942000,0.39942000,0.39942000,0.00000000,1514620139999,0.00000000,0,0.00000000,0.00000000
1514620140000,0.39942000,0.39942000,0.39942000,0.39942000,0.00000000,1514620199999,0.00000000,0,0.00000000,0.00000000
1514620200000,0.39942000,0.39942000,0.39942000,0.39942000,0.00000000,1514620259999,0.00000000,0,0.00000000,0.00000000
1514620260000,0.39942000,0.39942000,0.39942000,0.39942000,0.00000000,1514620319999,0.00000000,0,0.00000000,0.00000000
1514620320000,0.39942000,0.39942000,0.39942000,0.39942000,0.00000000,1514620379999,0.00000000,0,0.00000000,0.00000000
1514620380000,0.39942000,0.39942000,0.39942000,0.39942000,0.00000000,1514620439999,0.00000000,0,0.00000000,0.00000000
1514620440000,0.39942000,0.39942000,0.39942000,0.39942000,0.00000000,1514620499999,0.00000000,0,0.00000000,0.00000000
1514620500000,0.39942000,0.39942000,0.39942000,0.39942000,0.00000000,1514620559999,0.00000000,0,0.00000000,0.00000000
1514620560000,0.39942000,0.39942000,0.39942000,0.39942000,0.00000000,1514620619999,0.00000000,0,0.00000000,0.00000000
1514620620000,0.39942000,0.39942000,0.39942000,0.39942000,0.00000000,1514620679999,0.00000000,0,0.00000000,0.00000000
1514620680000,0.37812000,0.37812000,0.37811000,0.37811000,13.07000000,1514620739999,4.94197170,2,0.00000000,0.00000000
1514620740000,0.37811000,0.37811000,0.37811000,0.37811000,0.00000000,1514620799999,0.00000000,0,0.00000000,0.00000000
1514620800000,0.37811000,0.37811000,0.37811000,0.37811000,0.00000000,1514620859999,0.00000000,0,0.00000000,0.00000000
1514620860000,0.37811000,0.37811000,0.37811000,0.37811000,0.00000000,1514620919999,0.00000000,0,0.00000000,0.00000000
1514620920000,0.37811000,0.37811000,0.37811000,0.37811000,0.00000000,1514620979999,0.00000000,0,0.00000000,0.00000000
1514620980000,0.37811000,0.37811000,0.37811000,0.37811000,0.00000000,1514621039999,0.00000000,0,0.00000000,0.00000000
1514621040000,0.37811000,0.37811000,0.37811000,0.37811000,0.00000000,1514621099999,0.00000000,0,0.00000000,0.00000000
1514621100000,0.37811000,0.37811000,0.37811000,0.37811000,0.00000000,1514621159999,0.00000000,0,0.00000000,0.00000000
1514621160000,0.37811000,0.37811000,0.37811000,0.37811000,0.00000000,1514621219999,0.00000000,0,0.00000000,0.00000000
1514621220000,0.37811000,0.37811000,0.37811000,0.37811000,0.00000000,1514621279999,0.00000000,0,0.00000000,0.00000000
1514621280000,0.37811000,0.37811000,0.37811000,0.37811000,0.00000000,1514621339999,0.00000000,0,0.00000000,0.00000000
1514621340000,0.39999000,0.39999000,0.39999000,0.39999000,268.01000000,1514621399999,107.20131990,5,268.01000000,107.20131990
1514621400000,0.39999000,0.39999000,0.39999000,0.39999000,0.00000000,1514621459999,0.00000000,0,0.00000000,0.00000000
1514621460000,0.39999000,0.39999000,0.39999000,0.39999000,0.00000000,1514621519999,0.00000000,0,0.00000000,0.00000000
1514621520000,0.39999000,0.39999000,0.39999000,0.39999000,0.00000000,1514621579999,0.00000000,0,0.00000000,0.00000000
1514621580000,0.39999000,0.39999000,0.39999000,0.39999000,0.00000000,1514621639999,0.00000000,0,0.00000000,0.00000000
1514621640000,0.39999000,0.39999000,0.39999000,0.39999000,0.00000000,1514621699999,0.00000000,0,0.00000000,0.00000000
1514621700000,0.39999000,0.39999000,0.39999000,0.39999000,30.00000000,1514621759999,11.99970000,1,30.00000000,11.99970000
1514621760000,0.39999000,0.39999000,0.39999000,0.39999000,0.00000000,1514621819999,0.00000000,0,0.00000000,0.00000000
1514621820000,0.39999000,0.39999000,0.39999000,0.39999000,0.00000000,1514621879999,0.00000000,0,0.00000000,0.00000000
1514621880000,0.39999000,0.39999000,0.39999000,0.39999000,0.00000000,1514621939999,0.00000000,0,0.00000000,0.00000000
1514621940000,0.39999000,0.39999000,0.39999000,0.39999000,0.00000000,1514621999999,0.00000000,0,0.00000000,0.00000000
1514622000000,0.39999000,0.39999000,0.39999000,0.39999000,0.00000000,1514622059999,0.00000000,0,0.00000000,0.00000000
1514622060000,0.39999000,0.39999000,0.39999000,0.39999000,0.00000000,1514622119999,0.00000000,0,0.00000000,0.00000000
1514622120000,0.39999000,0.39999000,0.39999000,0.39999000,0.00000000,1514622179999,0.00000000,0,0.00000000,0.00000000
1514622180000,0.39999000,0.39999000,0.39999000,0.39999000,0.00000000,1514622239999,0.00000000,0,0.00000000,0.00000000
1514622240000,0.39999000,0.39999000,0.39999000,0.39999000,0.00000000,1514622299999,0.00000000,0,0.00000000,0.00000000
1514622300000,0.39999000,0.39999000,0.39999000,0.39999000,0.00000000,1514622359999,0.00000000,0,0.00000000,0.00000000
1514622360000,0.39999000,0.39999000,0.39999000,0.39999000,0.00000000,1514622419999,0.00000000,0,0.00000000,0.00000000
1514622420000,0.39999000,0.39999000,0.39999000,0.39999000,0.00000000,1514622479999,0.00000000,0,0.00000000,0.00000000
1514622480000,0.39999000,0.39999000,0.39999000,0.39999000,0.00000000,1514622539999,0.00000000,0,0.00000000,0.00000000
1514622540000,0.39999000,0.39999000,0.39999000,0.39999000,0.00000000,1514622599999,0.00000000,0,0.00000000,0.00000000
1514622600000,0.39999000,0.39999000,0.39999000,0.39999000,0.00000000,1514622659999,0.00000000,0,0.00000000,0.00000000
1514622660000,0.39999000,0.39999000,0.39999000,0.39999000,0.00000000,1514622719999,0.00000000,0,0.00000000,0.00000000
1514622720000,0.39999000,0.39999000,0.39999000,0.39999000,0.00000000,1514622779999,0.00000000,0,0.00000000,0.00000000
1514622780000,0.39999000,0.39999000,0.39999000,0.39999000,0.00000000,1514622839999,0.00000000,0,0.00000000,0.00000000
1514622840000,0.39999000,0.39999000,0.39999000,0.39999000,0.00000000,1514622899999,0.00000000,0,0.00000000,0.00000000
1514622900000,0.39999000,0.39999000,0.39999000,0.39999000,0.00000000,1514622959999,0.00000000,0,0.00000000,0.00000000
1514622960000,0.39999000,0.39999000,0.39999000,0.39999000,0.00000000,1514623019999,0.00000000,0,0.00000000,0.00000000
1514623020000,0.39999000,0.39999000,0.39999000,0.39999000,0.00000000,1514623079999,0.00000000,0,0.00000000,0.00000000
1514623080000,0.39999000,0.39999000,0.39999000,0.39999000,0.00000000,1514623139999,0.00000000,0,0.00000000,0.00000000
1514623140000,0.39999000,0.39999000,0.39999000,0.39999000,0.00000000,1514623199999,0.00000000,0,0.00000000,0.00000000
1514623200000,0.39999000,0.39999000,0.39999000,0.39999000,0.00000000,1514623259999,0.00000000,0,0.00000000,0.00000000
1514623260000,0.39999000,0.39999000,0.39999000,0.39999000,0.00000000,1514623319999,0.00000000,0,0.00000000,0.00000000
1514623320000,0.39999000,0.39999000,0.39999000,0.39999000,0.00000000,1514623379999,0.00000000,0,0.00000000,0.00000000
1514623380000,0.39985000,0.39985000,0.39985000,0.39985000,4.09000000,1514623439999,1.63538650,1,4.09000000,1.63538650
1514623440000,0.39985000,0.39985000,0.39985000,0.39985000,0.00000000,1514623499999,0.00000000,0,0.00000000,0.00000000
1514623500000,0.39999000,0.39999000,0.39999000,0.39999000,100.00000000,1514623559999,39.99900000,1,100.00000000,39.99900000
1514623560000,0.39999000,0.39999000,0.39999000,0.39999000,0.00000000,1514623619999,0.00000000,0,0.00000000,0.00000000
1514623620000,0.39999000,0.39999000,0.39999000,0.39999000,0.00000000,1514623679999,0.00000000,0,0.00000000,0.00000000
1514623680000,0.39998000,0.39999000,0.39998000,0.39999000,102.96000000,1514623739999,41.18265830,2,102.96000000,41.18265830
1514623740000,0.39999000,0.39999000,0.39999000,0.39999000,0.00000000,1514623799999,0.00000000,0,0.00000000,0.00000000
1514623800000,0.39999000,0.39999000,0.39999000,0.39999000,0.00000000,1514623859999,0.00000000,0,0.00000000,0.00000000
1514623860000,0.39999000,0.39999000,0.39999000,0.39999000,0.00000000,1514623919999,0.00000000,0,0.00000000,0.00000000
1514623920000,0.39999000,0.39999000,0.39999000,0.39999000,0.00000000,1514623979999,0.00000000,0,0.00000000,0.00000000
1514623980000,0.39999000,0.39999000,0.39999000,0.39999000,0.00000000,1514624039999,0.00000000,0,0.00000000,0.00000000
1514624040000,0.39999000,0.39999000,0.39999000,0.39999000,0.00000000,1514624099999,0.00000000,0,0.00000000,0.00000000
1514624100000,0.39999000,0.39999000,0.39999000,0.39999000,0.00000000,1514624159999,0.00000000,0,0.00000000,0.00000000
1514624160000,0.39999000,0.39999000,0.39999000,0.39999000,0.00000000,1514624219999,0.00000000,0,0.00000000,0.00000000
1514624220000,0.39999000,0.39999000,0.39999000,0.39999000,0.00000000,1514624279999,0.00000000,0,0.00000000,0.00000000
1514624280000,0.39999000,0.39999000,0.39999000,0.39999000,0.00000000,1514624339999,0.00000000,0,0.00000000,0.00000000
1514624340000,0.39999000,0.39999000,0.39999000,0.39999000,0.00000000,1514624399999,0.00000000,0,0.00000000,0.00000000
1514624400000,0.39999000,0.39999000,0.39999000,0.39999000,0.00000000,1514624459999,0.00000000,0,0.00000000,0.00000000
1514624460000,0.39999000,0.39999000,0.39999000,0.39999000,0.00000000,1514624519999,0.00000000,0,0.00000000,0.00000000
1514624520000,0.39999000,0.39999000,0.39999000,0.39999000,0.00000000,1514624579999,0.00000000,0,0.00000000,0.00000000
1514624580000,0.39999000,0.39999000,0.39999000,0.39999000,0.00000000,1514624639999,0.00000000,0,0.00000000,0.00000000
1514624640000,0.39999000,0.39999000,0.39999000,0.39999000,0.00000000,1514624699999,0.00000000,0,0.00000000,0.00000000
1514624700000,0.39999000,0.39999000,0.39999000,0.39999000,0.00000000,1514624759999,0.00000000,0,0.00000000,0.00000000
1514624760000,0.39999000,0.39999000,0.39999000,0.39999000,0.00000000,1514624819999,0.00000000,0,0.00000000,0.00000000
1514624820000,0.39999000,0.39999000,0.39999000,0.39999000,0.00000000,1514624879999,0.00000000,0,0.00000000,0.00000000
1514624880000,0.39999000,0.39999000,0.39999000,0.39999000,0.00000000,1514624939999,0.00000000,0,0.00000000,0.00000000
1514624940000,0.39999000,0.39999000,0.39999000,0.39999000,0.00000000,1514624999999,0.00000000,0,0.00000000,0.00000000
1514625000000,0.39999000,0.39999000,0.39999000,0.39999000,0.00000000,1514625059999,0.00000000,0,0.00000000,0.00000000
1514625060000,0.39999000,0.39999000,0.39999000,0.39999000,0.00000000,1514625119999,0.00000000,0,0.00000000,0.00000000
1514625120000,0.39999000,0.39999000,0.39999000,0.39999000,0.00000000,1514625179999,0.00000000,0,0.00000000,0.00000000
1514625180000,0.39999000,0.39999000,0.39999000,0.39999000,0.00000000,1514625239999,0.00000000,0,0.00000000,0.00000000
1514625240000,0.39999000,0.39999000,0.39999000,0.39999000,0.00000000,1514625299999,0.00000000,0,0.00000000,0.00000000
1514625300000,0.38999000,0.38999000,0.38999000,0.38999000,20.00000000,1514625359999,7.79980000,1,20.00000000,7.79980000
1514625360000,0.38999000,0.38999000,0.38999000,0.38999000,0.00000000,1514625419999,0.00000000,0,0.00000000,0.00000000
1514625420000,0.38999000,0.38999000,0.38999000,0.38999000,0.00000000,1514625479999,0.00000000,0,0.00000000,0.00000000
1514625480000,0.38999000,0.38999000,0.38999000,0.38999000,0.00000000,1514625539999,0.00000000,0,0.00000000,0.00000000
1514625540000,0.38999000,0.38999000,0.38999000,0.38999000,0.00000000,1514625599999,0.00000000,0,0.00000000,0.00000000
1514625600000,0.38999000,0.38999000,0.38999000,0.38999000,0.00000000,1514625659999,0.00000000,0,0.00000000,0.00000000
1514625660000,0.38999000,0.38999000,0.38999000,0.38999000,0.00000000,1514625719999,0.00000000,0,0.00000000,0.00000000
1514625720000,0.38999000,0.38999000,0.38999000,0.38999000,0.00000000,1514625779999,0.00000000,0,0.00000000,0.00000000
1514625780000,0.38999000,0.38999000,0.38999000,0.38999000,0.00000000,1514625839999,0.00000000,0,0.00000000,0.00000000
1514625840000,0.38999000,0.38999000,0.38999000,0.38999000,0.00000000,1514625899999,0.00000000,0,0.00000000,0.00000000
1514625900000,0.38999000,0.38999000,0.38999000,0.38999000,0.00000000,1514625959999,0.00000000,0,0.00000000,0.00000000
1514625960000,0.38999000,0.38999000,0.38999000,0.38999000,0.00000000,1514626019999,0.00000000,0,0.00000000,0.00000000
1514626020000,0.38999000,0.38999000,0.38999000,0.38999000,7.00000000,1514626079999,2.72993000,1,0.00000000,0.00000000
1514626080000,0.38999000,0.38999000,0.38999000,0.38999000,0.00000000,1514626139999,0.00000000,0,0.00000000,0.00000000
1514626140000,0.38999000,0.38999000,0.38999000,0.38999000,0.00000000,1514626199999,0.00000000,0,0.00000000,0.00000000
1514626200000,0.38999000,0.38999000,0.38999000,0.38999000,0.00000000,1514626259999,0.00000000,0,0.00000000,0.00000000
1514626260000,0.39999000,0.39999000,0.39999000,0.39999000,249.25000000,1514626319999,99.69750750,1,249.25000000,99.69750750
1514626320000,0.39999000,0.39999000,0.39999000,0.39999000,0.00000000,1514626379999,0.00000000,0,0.00000000,0.00000000
1514626380000,0.39999000,0.39999000,0.39999000,0.39999000,0.00000000,1514626439999,0.00000000,0,0.00000000,0.00000000
1514626440000,0.39999000,0.39999000,0.39999000,0.39999000,0.00000000,1514626499999,0.00000000,0,0.00000000,0.00000000
1514626500000,0.39999000,0.39999000,0.39999000,0.39999000,0.00000000,1514626559999,0.00000000,0,0.00000000,0.00000000
1514626560000,0.39999000,0.39999000,0.39999000,0.39999000,0.00000000,1514626619999,0.00000000,0,0.00000000,0.00000000
1514626620000,0.39999000,0.39999000,0.39999000,0.39999000,0.00000000,1514626679999,0.00000000,0,0.00000000,0.00000000
1514626680000,0.39999000,0.39999000,0.39999000,0.39999000,0.00000000,1514626739999,0.00000000,0,0.00000000,0.00000000
1514626740000,0.39999000,0.39999000,0.39999000,0.39999000,0.00000000,1514626799999,0.00000000,0,0.00000000,0.00000000
1514626800000,0.39999000,0.39999000,0.39999000,0.39999000,0.00000000,1514626859999,0.00000000,0,0.00000000,0.00000000
1514626860000,0.39999000,0.39999000,0.39999000,0.39999000,0.00000000,1514626919999,0.00000000,0,0.00000000,0.00000000
1514626920000,0.39999000,0.39999000,0.39999000,0.39999000,0.00000000,1514626979999,0.00000000,0,0.00000000,0.00000000
1514626980000,0.39999000,0.39999000,0.39999000,0.39999000,0.00000000,1514627039999,0.00000000,0,0.00000000,0.00000000
1514627040000,0.39999000,0.39999000,0.39999000,0.39999000,0.00000000,1514627099999,0.00000000,0,0.00000000,0.00000000
1514627100000,0.39999000,0.39999000,0.39999000,0.39999000,0.00000000,1514627159999,0.00000000,0,0.00000000,0.00000000
1514627160000,0.39999000,0.39999000,0.39999000,0.39999000,0.00000000,1514627219999,0.00000000,0,0.00000000,0.00000000
1514627220000,0.39999000,0.39999000,0.39999000,0.39999000,0.00000000,1514627279999,0.00000000,0,0.00000000,0.00000000
1514627280000,0.39999000,0.39999000,0.39999000,0.39999000,0.00000000,1514627339999,0.00000000,0,0.00000000,0.00000000
1514627340000,0.39999000,0.39999000,0.39999000,0.39999000,0.00000000,1514627399999,0.00000000,0,0.00000000,0.00000000
1514627400000,0.39999000,0.39999000,0.39999000,0.39999000,0.00000000,1514627459999,0.00000000,0,0.00000000,0.00000000
1514627460000,0.39999000,0.39999000,0.39999000,0.39999000,49.00000000,1514627519999,19.59951000,1,49.00000000,19.59951000
1514627520000,0.39999000,0.39999000,0.39999000,0.39999000,0.00000000,1514627579999,0.00000000,0,0.00000000,0.00000000
1514627580000,0.39999000,0.39999000,0.39999000,0.39999000,0.00000000,1514627639999,0.00000000,0,0.00000000,0.00000000
1514627640000,0.39999000,0.39999000,0.39999000,0.39999000,0.00000000,1514627699999,0.00000000,0,0.00000000,0.00000000
1514627700000,0.39999000,0.39999000,0.39999000,0.39999000,0.00000000,1514627759999,0.00000000,0,0.00000000,0.00000000
1514627760000,0.39999000,0.39999000,0.39999000,0.39999000,0.00000000,1514627819999,0.00000000,0,0.00000000,0.00000000
1514627820000,0.39999000,0.39999000,0.39999000,0.39999000,0.00000000,1514627879999,0.00000000,0,0.00000000,0.00000000
1514627880000,0.39999000,0.39999000,0.39999000,0.39999000,0.00000000,1514627939999,0.00000000,0,0.00000000,0.00000000
1514627940000,0.39999000,0.39999000,0.39999000,0.39999000,0.00000000,1514627999999,0.00000000,0,0.00000000,0.00000000
1514628000000,0.39999000,0.39999000,0.39999000,0.39999000,0.00000000,1514628059999,0.00000000,0,0.00000000,0.00000000
1514628060000,0.39999000,0.39999000,0.39999000,0.39999000,0.00000000,1514628119999,0.00000000,0,0.00000000,0.00000000
1514628120000,0.39999000,0.39999000,0.39999000,0.39999000,0.00000000,1514628179999,0.00000000,0,0.00000000,0.00000000
1514628180000,0.39999000,0.39999000,0.39999000,0.39999000,0.00000000,1514628239999,0.00000000,0,0.00000000,0.00000000
1514628240000,0.39999000,0.39999000,0.39999000,0.39999000,0.00000000,1514628299999,0.00000000,0,0.00000000,0.00000000
1514628300000,0.39999000,0.39999000,0.39999000,0.39999000,0.00000000,1514628359999,0.00000000,0,0.00000000,0.00000000
1514628360000,0.39999000,0.39999000,0.39999000,0.39999000,0.00000000,1514628419999,0.00000000,0,0.00000000,0.00000000
1514628420000,0.39999000,0.39999000,0.39999000,0.39999000,0.00000000,1514628479999,0.00000000,0,0.00000000,0.00000000
1514628480000,0.39999000,0.39999000,0.39999000,0.39999000,0.00000000,1514628539999,0.00000000,0,0.00000000,0.00000000
1514628540000,0.39999000,0.39999000,0.39999000,0.39999000,0.00000000,1514628599999,0.00000000,0,0.00000000,0.00000000
1514628600000,0.39999000,0.39999000,0.39999000,0.39999000,0.00000000,1514628659999,0.00000000,0,0.00000000,0.00000000
1514628660000,0.39999000,0.39999000,0.39999000,0.39999000,0.00000000,1514628719999,0.00000000,0,0.00000000,0.00000000
1514628720000,0.39999000,0.39999000,0.39999000,0.39999000,0.00000000,1514628779999,0.00000000,0,0.00000000,0.00000000
1514628780000,0.39999000,0.39999000,0.39999000,0.39999000,0.00000000,1514628839999,0.00000000,0,0.00000000,0.00000000
1514628840000,0.39999000,0.39999000,0.39999000,0.39999000,0.00000000,1514628899999,0.00000000,0,0.00000000,0.00000000
1514628900000,0.39999000,0.39999000,0.39999000,0.39999000,0.00000000,1514628959999,0.00000000,0,0.00000000,0.00000000
1514628960000,0.39999000,0.39999000,0.39999000,0.39999000,0.00000000,1514629019999,0.00000000,0,0.00000000,0.00000000
1514629020000,0.37837000,0.37837000,0.37837000,0.37837000,0.08000000,1514629079999,0.03026960,1,0.00000000,0.00000000
1514629080000,0.37837000,0.37837000,0.37837000,0.37837000,0.00000000,1514629139999,0.00000000,0,0.00000000,0.00000000
1514629140000,0.37837000,0.37837000,0.37837000,0.37837000,0.00000000,1514629199999,0.00000000,0,0.00000000,0.00000000
1514629200000,0.37837000,0.37837000,0.37837000,0.37837000,0.00000000,1514629259999,0.00000000,0,0.00000000,0.00000000
1514629260000,0.37837000,0.37837000,0.37837000,0.37837000,0.00000000,1514629319999,0.00000000,0,0.00000000,0.00000000
1514629320000,0.37837000,0.37837000,0.37837000,0.37837000,0.00000000,1514629379999,0.00000000,0,0.00000000,0.00000000
1514629380000,0.37837000,0.37837000,0.37837000,0.37837000,0.00000000,1514629439999,0.00000000,0,0.00000000,0.00000000
1514629440000,0.37837000,0.37837000,0.37837000,0.37837000,0.00000000,1514629499999,0.00000000,0,0.00000000,0.00000000
1514629500000,0.37837000,0.37837000,0.37837000,0.37837000,0.00000000,1514629559999,0.00000000,0,0.00000000,0.00000000
1514629560000,0.37837000,0.37837000,0.37837000,0.37837000,0.00000000,1514629619999,0.00000000,0,0.00000000,0.00000000
1514629620000,0.39998000,0.39998000,0.39998000,0.39998000,9.50000000,1514629679999,3.79981000,1,9.50000000,3.79981000
1514629680000,0.39998000,0.39998000,0.39998000,0.39998000,0.00000000,1514629739999,0.00000000,0,0.00000000,0.00000000
1514629740000,0.39998000,0.39998000,0.39998000,0.39998000,0.00000000,1514629799999,0.00000000,0,0.00000000,0.00000000
1514629800000,0.39998000,0.39998000,0.39998000,0.39998000,0.00000000,1514629859999,0.00000000,0,0.00000000,0.00000000
1514629860000,0.39998000,0.39998000,0.39998000,0.39998000,0.00000000,1514629919999,0.00000000,0,0.00000000,0.00000000
1514629920000,0.39998000,0.39998000,0.39998000,0.39998000,0.00000000,1514629979999,0.00000000,0,0.00000000,0.00000000
1514629980000,0.39998000,0.39998000,0.39998000,0.39998000,0.00000000,1514630039999,0.00000000,0,0.00000000,0.00000000
1514630040000,0.39998000,0.39998000,0.39998000,0.39998000,0.00000000,1514630099999,0.00000000,0,0.00000000,0.00000000
1514630100000,0.39998000,0.39998000,0.39998000,0.39998000,0.00000000,1514630159999,0.00000000,0,0.00000000,0.00000000
1514630160000,0.39998000,0.39998000,0.39998000,0.39998000,0.00000000,1514630219999,0.00000000,0,0.00000000,0.00000000
1514630220000,0.39998000,0.39998000,0.39998000,0.39998000,0.00000000,1514630279999,0.00000000,0,0.00000000,0.00000000
1514630280000,0.39998000,0.39998000,0.39998000,0.39998000,0.00000000,1514630339999,0.00000000,0,0.00000000,0.00000000
1514630340000,0.39998000,0.39998000,0.39998000,0.39998000,0.00000000,1514630399999,0.00000000,0,0.00000000,0.00000000
1514630400000,0.39998000,0.39998000,0.39998000,0.39998000,0.00000000,1514630459999,0.00000000,0,0.00000000,0.00000000
1514630460000,0.39998000,0.39998000,0.39998000,0.39998000,0.00000000,1514630519999,0.00000000,0,0.00000000,0.00000000
1514630520000,0.39998000,0.39998000,0.39998000,0.39998000,0.00000000,1514630579999,0.00000000,0,0.00000000,0.00000000
1514630580000,0.39998000,0.39998000,0.39998000,0.39998000,0.00000000,1514630639999,0.00000000,0,0.00000000,0.00000000
1514630640000,0.39998000,0.39998000,0.39998000,0.39998000,0.00000000,1514630699999,0.00000000,0,0.00000000,0.00000000
1514630700000,0.39998000,0.39998000,0.39998000,0.39998000,0.00000000,1514630759999,0.00000000,0,0.00000000,0.00000000
1514630760000,0.39998000,0.39998000,0.39998000,0.39998000,0.00000000,1514630819999,0.00000000,0,0.00000000,0.00000000
1514630820000,0.39998000,0.39998000,0.39998000,0.39998000,0.00000000,1514630879999,0.00000000,0,0.00000000,0.00000000
1514630880000,0.39998000,0.39998000,0.39998000,0.39998000,0.00000000,1514630939999,0.00000000,0,0.00000000,0.00000000
1514630940000,0.39998000,0.39998000,0.39998000,0.39998000,0.00000000,1514630999999,0.00000000,0,0.00000000,0.00000000
1514631000000,0.39998000,0.39998000,0.39998000,0.39998000,0.00000000,1514631059999,0.00000000,0,0.00000000,0.00000000
1514631060000,0.39998000,0.39998000,0.39998000,0.39998000,0.00000000,1514631119999,0.00000000,0,0.00000000,0.00000000
1514631120000,0.39997000,0.39997000,0.37848000,0.37848000,28.81000000,1514631179999,11.52206120,2,28.76000000,11.50313720
1514631180000,0.37848000,0.37848000,0.37848000,0.37848000,0.00000000,1514631239999,0.00000000,0,0.00000000,0.00000000
1514631240000,0.37848000,0.37848000,0.37848000,0.37848000,0.00000000,1514631299999,0.00000000,0,0.00000000,0.00000000
1514631300000,0.37848000,0.37848000,0.37848000,0.37848000,0.00000000,1514631359999,0.00000000,0,0.00000000,0.00000000
1514631360000,0.37848000,0.37848000,0.37848000,0.37848000,0.00000000,1514631419999,0.00000000,0,0.00000000,0.00000000
1514631420000,0.37848000,0.37848000,0.37848000,0.37848000,0.00000000,1514631479999,0.00000000,0,0.00000000,0.00000000
1514631480000,0.39998000,0.39998000,0.39998000,0.39998000,1.16000000,1514631539999,0.46397680,1,1.16000000,0.46397680
1514631540000,0.39998000,0.39998000,0.39998000,0.39998000,0.00000000,1514631599999,0.00000000,0,0.00000000,0.00000000
1514631600000,0.39998000,0.39998000,0.39998000,0.39998000,0.00000000,1514631659999,0.00000000,0,0.00000000,0.00000000
1514631660000,0.39998000,0.39998000,0.39998000,0.39998000,0.00000000,1514631719999,0.00000000,0,0.00000000,0.00000000
1514631720000,0.39998000,0.39998000,0.39998000,0.39998000,0.00000000,1514631779999,0.00000000,0,0.00000000,0.00000000
1514631780000,0.39998000,0.39998000,0.39998000,0.39998000,0.00000000,1514631839999,0.00000000,0,0.00000000,0.00000000
1514631840000,0.39998000,0.39998000,0.39998000,0.39998000,0.00000000,1514631899999,0.00000000,0,0.00000000,0.00000000
1514631900000,0.39998000,0.39998000,0.39998000,0.39998000,0.00000000,1514631959999,0.00000000,0,0.00000000,0.00000000
1514631960000,0.39998000,0.39998000,0.39998000,0.39998000,0.00000000,1514632019999,0.00000000,0,0.00000000,0.00000000
1514632020000,0.39998000,0.39998000,0.39998000,0.39998000,0.00000000,1514632079999,0.00000000,0,0.00000000,0.00000000
1514632080000,0.39998000,0.39998000,0.39998000,0.39998000,0.00000000,1514632139999,0.00000000,0,0.00000000,0.00000000
1514632140000,0.39998000,0.39998000,0.39998000,0.39998000,0.00000000,1514632199999,0.00000000,0,0.00000000,0.00000000
1514632200000,0.39998000,0.39998000,0.39998000,0.39998000,0.00000000,1514632259999,0.00000000,0,0.00000000,0.00000000
1514632260000,0.39998000,0.39998000,0.39998000,0.39998000,0.00000000,1514632319999,0.00000000,0,0.00000000,0.00000000
1514632320000,0.39998000,0.39998000,0.39998000,0.39998000,0.00000000,1514632379999,0.00000000,0,0.00000000,0.00000000
1514632380000,0.39998000,0.39998000,0.39998000,0.39998000,0.00000000,1514632439999,0.00000000,0,0.00000000,0.00000000
1514632440000,0.39998000,0.39998000,0.39998000,0.39998000,0.00000000,1514632499999,0.00000000,0,0.00000000,0.00000000
1514632500000,0.39998000,0.39998000,0.39998000,0.39998000,0.00000000,1514632559999,0.00000000,0,0.00000000,0.00000000
1514632560000,0.39998000,0.39998000,0.39998000,0.39998000,0.00000000,1514632619999,0.00000000,0,0.00000000,0.00000000
1514632620000,0.39998000,0.39998000,0.39998000,0.39998000,0.00000000,1514632679999,0.00000000,0,0.00000000,0.00000000
1514632680000,0.39998000,0.39998000,0.39998000,0.39998000,0.00000000,1514632739999,0.00000000,0,0.00000000,0.00000000
1514632740000,0.39998000,0.39998000,0.39998000,0.39998000,0.00000000,1514632799999,0.00000000,0,0.00000000,0.00000000
1514632800000,0.39998000,0.39998000,0.39998000,0.39998000,0.00000000,1514632859999,0.00000000,0,0.00000000,0.00000000
1514632860000,0.39998000,0.39998000,0.39998000,0.39998000,0.00000000,1514632919999,0.00000000,0,0.00000000,0.00000000
1514632920000,0.39998000,0.39998000,0.39998000,0.39998000,0.00000000,1514632979999,0.00000000,0,0.00000000,0.00000000
1514632980000,0.39995000,0.39995000,0.39995000,0.39995000,0.70000000,1514633039999,0.27996500,1,0.70000000,0.27996500
1514633040000,0.39995000,0.39995000,0.39995000,0.39995000,0.00000000,1514633099999,0.00000000,0,0.00000000,0.00000000
1514633100000,0.39995000,0.39995000,0.39995000,0.39995000,0.00000000,1514633159999,0.00000000,0,0.00000000,0.00000000
1514633160000,0.39995000,0.39995000,0.39995000,0.39995000,0.00000000,1514633219999,0.00000000,0,0.00000000,0.00000000
1514633220000,0.39995000,0.39995000,0.39995000,0.39995000,2.00000000,1514633279999,0.79990000,1,2.00000000,0.79990000
1514633280000,0.37872000,0.37872000,0.37872000,0.37872000,3.75000000,1514633339999,1.42020000,1,0.00000000,0.00000000
1514633340000,0.37872000,0.37872000,0.37872000,0.37872000,0.00000000,1514633399999,0.00000000,0,0.00000000,0.00000000
1514633400000,0.37872000,0.37872000,0.37872000,0.37872000,0.00000000,1514633459999,0.00000000,0,0.00000000,0.00000000
1514633460000,0.37872000,0.37872000,0.37872000,0.37872000,0.00000000,1514633519999,0.00000000,0,0.00000000,0.00000000
1514633520000,0.37872000,0.37872000,0.37872000,0.37872000,0.00000000,1514633579999,0.00000000,0,0.00000000,0.00000000
1514633580000,0.37872000,0.37872000,0.37872000,0.37872000,0.00000000,1514633639999,0.00000000,0,0.00000000,0.00000000
1514633640000,0.37872000,0.37872000,0.37872000,0.37872000,0.00000000,1514633699999,0.00000000,0,0.00000000,0.00000000
1514633700000,0.37872000,0.37872000,0.37872000,0.37872000,0.00000000,1514633759999,0.00000000,0,0.00000000,0.00000000
1514633760000,0.37872000,0.37872000,0.37872000,0.37872000,50.01000000,1514633819999,18.93978720,1,0.00000000,0.00000000
1514633820000,0.37872000,0.37872000,0.37872000,0.37872000,0.00000000,1514633879999,0.00000000,0,0.00000000,0.00000000
1514633880000,0.37872000,0.37872000,0.37872000,0.37872000,0.00000000,1514633939999,0.00000000,0,0.00000000,0.00000000
1514633940000,0.37872000,0.37872000,0.37872000,0.37872000,0.00000000,1514633999999,0.00000000,0,0.00000000,0.00000000
1514634000000,0.37872000,0.37872000,0.37872000,0.37872000,0.00000000,1514634059999,0.00000000,0,0.00000000,0.00000000
1514634060000,0.37872000,0.37872000,0.37872000,0.37872000,0.00000000,1514634119999,0.00000000,0,0.00000000,0.00000000
1514634120000,0.37872000,0.37872000,0.37872000,0.37872000,0.00000000,1514634179999,0.00000000,0,0.00000000,0.00000000
1514634180000,0.37872000,0.37872000,0.37872000,0.37872000,0.00000000,1514634239999,0.00000000,0,0.00000000,0.00000000
1514634240000,0.37872000,0.37872000,0.37872000,0.37872000,0.00000000,1514634299999,0.00000000,0,0.00000000,0.00000000
1514634300000,0.37873000,0.37873000,0.37873000,0.37873000,17.60000000,1514634359999,6.66564800,1,0.00000000,0.00000000
1514634360000,0.37873000,0.37873000,0.37873000,0.37873000,0.00000000,1514634419999,0.00000000,0,0.00000000,0.00000000
1514634420000,0.37873000,0.37873000,0.37873000,0.37873000,0.00000000,1514634479999,0.00000000,0,0.00000000,0.00000000
1514634480000,0.37873000,0.37873000,0.37873000,0.37873000,0.00000000,1514634539999,0.00000000,0,0.00000000,0.00000000
1514634540000,0.37873000,0.37873000,0.37873000,0.37873000,0.00000000,1514634599999,0.00000000,0,0.00000000,0.00000000
1514634600000,0.37873000,0.37873000,0.37873000,0.37873000,0.00000000,1514634659999,0.00000000,0,0.00000000,0.00000000
1514634660000,0.37873000,0.37873000,0.37873000,0.37873000,0.00000000,1514634719999,0.00000000,0,0.00000000,0.00000000
1514634720000,0.37873000,0.37873000,0.37873000,0.37873000,0.00000000,1514634779999,0.00000000,0,0.00000000,0.00000000
1514634780000,0.37873000,0.37873000,0.37873000,0.37873000,0.00000000,1514634839999,0.00000000,0,0.00000000,0.00000000
1514634840000,0.37873000,0.37873000,0.37873000,0.37873000,0.00000000,1514634899999,0.00000000,0,0.00000000,0.00000000
1514634900000,0.37873000,0.37873000,0.37873000,0.37873000,0.00000000,1514634959999,0.00000000,0,0.00000000,0.00000000
1514634960000,0.37873000,0.37873000,0.37873000,0.37873000,0.00000000,1514635019999,0.00000000,0,0.00000000,0.00000000
1514635020000,0.37873000,0.37873000,0.37873000,0.37873000,0.00000000,1514635079999,0.00000000,0,0.00000000,0.00000000
1514635080000,0.37873000,0.37873000,0.37873000,0.37873000,0.00000000,1514635139999,0.00000000,0,0.00000000,0.00000000
1514635140000,0.37873000,0.37873000,0.37873000,0.37873000,0.00000000,1514635199999,0.00000000,0,0.00000000,0.00000000
1514635200000,0.37873000,0.37873000,0.37873000,0.37873000,0.00000000,1514635259999,0.00000000,0,0.00000000,0.00000000
1514635260000,0.37873000,0.37873000,0.37873000,0.37873000,0.00000000,1514635319999,0.00000000,0,0.00000000,0.00000000
1514635320000,0.38500000,0.39999000,0.38500000,0.39999000,131.00000000,1514635379999,51.69320270,3,131.00000000,51.69320270
1514635380000,0.39999000,0.39999000,0.39999000,0.39999000,0.00000000,1514635439999,0.00000000,0,0.00000000,0.00000000
1514635440000,0.39999000,0.39999000,0.39999000,0.39999000,0.00000000,1514635499999,0.00000000,0,0.00000000,0.00000000
1514635500000,0.39999000,0.39999000,0.39999000,0.39999000,0.00000000,1514635559999,0.00000000,0,0.00000000,0.00000000
1514635560000,0.39999000,0.39999000,0.39999000,0.39999000,0.00000000,1514635619999,0.00000000,0,0.00000000,0.00000000
1514635620000,0.39999000,0.39999000,0.39999000,0.39999000,0.00000000,1514635679999,0.00000000,0,0.00000000,0.00000000
1514635680000,0.39999000,0.39999000,0.39999000,0.39999000,0.00000000,1514635739999,0.00000000,0,0.00000000,0.00000000
1514635740000,0.39999000,0.39999000,0.39999000,0.39999000,0.00000000,1514635799999,0.00000000,0,0.00000000,0.00000000
1514635800000,0.39999000,0.39999000,0.39999000,0.39999000,0.00000000,1514635859999,0.00000000,0,0.00000000,0.00000000
1514635860000,0.39999000,0.39999000,0.39999000,0.39999000,0.00000000,1514635919999,0.00000000,0,0.00000000,0.00000000
1514635920000,0.39999000,0.39999000,0.39999000,0.39999000,0.00000000,1514635979999,0.00000000,0,0.00000000,0.00000000
1514635980000,0.39999000,0.39999000,0.39999000,0.39999000,0.00000000,1514636039999,0.00000000,0,0.00000000,0.00000000
1514636040000,0.39999000,0.39999000,0.39999000,0.39999000,0.00000000,1514636099999,0.00000000,0,0.00000000,0.00000000
1514636100000,0.39999000,0.39999000,0.39999000,0.39999000,0.00000000,1514636159999,0.00000000,0,0.00000000,0.00000000
1514636160000,0.39999000,0.39999000,0.39999000,0.39999000,0.00000000,1514636219999,0.00000000,0,0.00000000,0.00000000
1514636220000,0.39999000,0.39999000,0.39999000,0.39999000,0.00000000,1514636279999,0.00000000,0,0.00000000,0.00000000
1514636280000,0.39999000,0.39999000,0.39999000,0.39999000,0.00000000,1514636339999,0.00000000,0,0.00000000,0.00000000
1514636340000,0.39999000,0.39999000,0.39999000,0.39999000,0.00000000,1514636399999,0.00000000,0,0.00000000,0.00000000
1514636400000,0.39999000,0.39999000,0.39999000,0.39999000,0.00000000,1514636459999,0.00000000,0,0.00000000,0.00000000
1514636460000,0.39996000,0.39999000,0.39996000,0.39999000,87.45000000,1514636519999,34.97788610,3,87.45000000,34.97788610
1514636520000,0.39999000,0.39999000,0.39999000,0.39999000,15.10000000,1514636579999,6.03984900,1,15.10000000,6.03984900
1514636580000,0.39999000,0.39999000,0.39999000,0.39999000,0.00000000,1514636639999,0.00000000,0,0.00000000,0.00000000
1514636640000,0.39999000,0.39999000,0.39999000,0.39999000,0.00000000,1514636699999,0.00000000,0,0.00000000,0.00000000
1514636700000,0.39999000,0.39999000,0.39999000,0.39999000,0.00000000,1514636759999,0.00000000,0,0.00000000,0.00000000
1514636760000,0.39999000,0.39999000,0.39999000,0.39999000,0.00000000,1514636819999,0.00000000,0,0.00000000,0.00000000
1514636820000,0.39999000,0.39999000,0.39999000,0.39999000,0.00000000,1514636879999,0.00000000,0,0.00000000,0.00000000
1514636880000,0.39999000,0.39999000,0.39999000,0.39999000,0.00000000,1514636939999,0.00000000,0,0.00000000,0.00000000
1514636940000,0.39999000,0.39999000,0.39999000,0.39999000,0.00000000,1514636999999,0.00000000,0,0.00000000,0.00000000
1514637000000,0.39999000,0.39999000,0.39999000,0.39999000,0.00000000,1514637059999,0.00000000,0,0.00000000,0.00000000
1514637060000,0.39999000,0.39999000,0.39999000,0.39999000,0.00000000,1514637119999,0.00000000,0,0.00000000,0.00000000
1514637120000,0.39999000,0.39999000,0.39999000,0.39999000,0.00000000,1514637179999,0.00000000,0,0.00000000,0.00000000
1514637180000,0.39999000,0.39999000,0.39999000,0.39999000,0.00000000,1514637239999,0.00000000,0,0.00000000,0.00000000
1514637240000,0.39999000,0.39999000,0.39999000,0.39999000,0.00000000,1514637299999,0.00000000,0,0.00000000,0.00000000
1514637300000,0.39999000,0.39999000,0.39999000,0.39999000,0.00000000,1514637359999,0.00000000,0,0.00000000,0.00000000
1514637360000,0.39999000,0.39999000,0.39999000,0.39999000,0.00000000,1514637419999,0.00000000,0,0.00000000,0.00000000
1514637420000,0.39999000,0.39999000,0.39999000,0.39999000,0.00000000,1514637479999,0.00000000,0,0.00000000,0.00000000
1514637480000,0.39999000,0.39999000,0.39999000,0.39999000,0.00000000,1514637539999,0.00000000,0,0.00000000,0.00000000
1514637540000,0.39999000,0.39999000,0.39999000,0.39999000,0.00000000,1514637599999,0.00000000,0,0.00000000,0.00000000
1514637600000,0.39999000,0.39999000,0.39999000,0.39999000,0.00000000,1514637659999,0.00000000,0,0.00000000,0.00000000
1514637660000,0.39999000,0.39999000,0.39999000,0.39999000,0.00000000,1514637719999,0.00000000,0,0.00000000,0.00000000
1514637720000,0.39999000,0.39999000,0.39999000,0.39999000,0.00000000,1514637779999,0.00000000,0,0.00000000,0.00000000
1514637780000,0.39999000,0.39999000,0.39999000,0.39999000,0.00000000,1514637839999,0.00000000,0,0.00000000,0.00000000
1514637840000,0.39999000,0.39999000,0.39999000,0.39999000,0.00000000,1514637899999,0.00000000,0,0.00000000,0.00000000
1514637900000,0.39999000,0.39999000,0.39999000,0.39999000,0.00000000,1514637959999,0.00000000,0,0.00000000,0.00000000
1514637960000,0.38000000,0.38000000,0.38000000,0.38000000,15.00000000,1514638019999,5.70000000,1,15.00000000,5.70000000
1514638020000,0.38000000,0.38000000,0.38000000,0.38000000,0.00000000,1514638079999,0.00000000,0,0.00000000,0.00000000
1514638080000,0.38000000,0.38000000,0.38000000,0.38000000,0.00000000,1514638139999,0.00000000,0,0.00000000,0.00000000
1514638140000,0.38000000,0.38000000,0.38000000,0.38000000,0.00000000,1514638199999,0.00000000,0,0.00000000,0.00000000
1514638200000,0.38000000,0.38000000,0.38000000,0.38000000,0.00000000,1514638259999,0.00000000,0,0.00000000,0.00000000
1514638260000,0.38000000,0.38000000,0.38000000,0.38000000,0.00000000,1514638319999,0.00000000,0,0.00000000,0.00000000
1514638320000,0.38000000,0.38000000,0.38000000,0.38000000,0.00000000,1514638379999,0.00000000,0,0.00000000,0.00000000
1514638380000,0.38000000,0.38000000,0.38000000,0.38000000,0.00000000,1514638439999,0.00000000,0,0.00000000,0.00000000
1514638440000,0.37901000,0.37901000,0.37901000,0.37901000,38.48000000,1514638499999,14.58430480,1,0.00000000,0.00000000
1514638500000,0.37901000,0.37901000,0.37901000,0.37901000,0.00000000,1514638559999,0.00000000,0,0.00000000,0.00000000
1514638560000,0.37901000,0.37901000,0.37901000,0.37901000,0.00000000,1514638619999,0.00000000,0,0.00000000,0.00000000
1514638620000,0.37901000,0.37901000,0.37901000,0.37901000,0.00000000,1514638679999,0.00000000,0,0.00000000,0.00000000
1514638680000,0.37901000,0.37901000,0.37901000,0.37901000,0.00000000,1514638739999,0.00000000,0,0.00000000,0.00000000
1514638740000,0.39000000,0.39000000,0.39000000,0.39000000,0.46000000,1514638799999,0.17940000,1,0.46000000,0.17940000
1514638800000,0.39000000,0.39000000,0.39000000,0.39000000,0.00000000,1514638859999,0.00000000,0,0.00000000,0.00000000
1514638860000,0.39000000,0.39000000,0.39000000,0.39000000,0.00000000,1514638919999,0.00000000,0,0.00000000,0.00000000
1514638920000,0.39000000,0.39000000,0.39000000,0.39000000,0.00000000,1514638979999,0.00000000,0,0.00000000,0.00000000
1514638980000,0.39000000,0.39000000,0.39000000,0.39000000,0.00000000,1514639039999,0.00000000,0,0.00000000,0.00000000
1514639040000,0.39000000,0.39000000,0.39000000,0.39000000,0.00000000,1514639099999,0.00000000,0,0.00000000,0.00000000
1514639100000,0.39000000,0.39000000,0.39000000,0.39000000,0.00000000,1514639159999,0.00000000,0,0.00000000,0.00000000
1514639160000,0.39000000,0.39000000,0.39000000,0.39000000,0.00000000,1514639219999,0.00000000,0,0.00000000,0.00000000
1514639220000,0.39000000,0.39000000,0.39000000,0.39000000,0.00000000,1514639279999,0.00000000,0,0.00000000,0.00000000
1514639280000,0.39000000,0.39000000,0.39000000,0.39000000,0.00000000,1514639339999,0.00000000,0,0.00000000,0.00000000
1514639340000,0.39000000,0.39000000,0.39000000,0.39000000,0.00000000,1514639399999,0.00000000,0,0.00000000,0.00000000
1514639400000,0.39000000,0.39000000,0.39000000,0.39000000,0.00000000,1514639459999,0.00000000,0,0.00000000,0.00000000
1514639460000,0.39000000,0.39000000,0.39000000,0.39000000,0.00000000,1514639519999,0.00000000,0,0.00000000,0.00000000
1514639520000,0.39000000,0.39000000,0.37931000,0.37931000,255.98000000,1514639579999,98.76320000,3,55.08000000,21.48120000
1514639580000,0.37931000,0.37931000,0.37931000,0.37931000,0.00000000,1514639639999,0.00000000,0,0.00000000,0.00000000
1514639640000,0.37931000,0.37931000,0.37931000,0.37931000,0.00000000,1514639699999,0.00000000,0,0.00000000,0.00000000
1514639700000,0.37931000,0.37931000,0.37931000,0.37931000,0.00000000,1514639759999,0.00000000,0,0.00000000,0.00000000
1514639760000,0.37931000,0.37931000,0.37931000,0.37931000,0.00000000,1514639819999,0.00000000,0,0.00000000,0.00000000
1514639820000,0.37931000,0.37931000,0.37931000,0.37931000,0.00000000,1514639879999,0.00000000,0,0.00000000,0.00000000
1514639880000,0.37931000,0.37931000,0.37931000,0.37931000,0.00000000,1514639939999,0.00000000,0,0.00000000,0.00000000
1514639940000,0.37931000,0.37931000,0.37931000,0.37931000,0.00000000,1514639999999,0.00000000,0,0.00000000,0.00000000
1514640000000,0.37931000,0.37931000,0.37931000,0.37931000,0.00000000,1514640059999,0.00000000,0,0.00000000,0.00000000
1514640060000,0.37931000,0.37931000,0.37931000,0.37931000,0.00000000,1514640119999,0.00000000,0,0.00000000,0.00000000
1514640120000,0.37931000,0.37931000,0.37931000,0.37931000,0.00000000,1514640179999,0.00000000,0,0.00000000,0.00000000
1514640180000,0.37931000,0.37931000,0.37931000,0.37931000,0.00000000,1514640239999,0.00000000,0,0.00000000,0.00000000
1514640240000,0.37965000,0.37965000,0.37900000,0.37900000,184.00000000,1514640299999,69.85105000,6,0.00000000,0.00000000
1514640300000,0.37900000,0.37900000,0.37800000,0.37800000,65.19000000,1514640359999,24.67408450,8,0.00000000,0.00000000
1514640360000,0.37800000,0.37800000,0.37800000,0.37800000,0.00000000,1514640419999,0.00000000,0,0.00000000,0.00000000
1514640420000,0.37800000,0.37800000,0.37800000,0.37800000,0.00000000,1514640479999,0.00000000,0,0.00000000,0.00000000
1514640480000,0.37800000,0.37800000,0.37800000,0.37800000,0.00000000,1514640539999,0.00000000,0,0.00000000,0.00000000
1514640540000,0.37800000,0.37800000,0.37600000,0.37600000,529.27000000,1514640599999,199.18481450,21,0.00000000,0.00000000
1514640600000,0.37600000,0.37600000,0.37600000,0.37600000,36.80000000,1514640659999,13.83680000,5,0.00000000,0.00000000
1514640660000,0.37600000,0.37600000,0.37600000,0.37600000,51.00000000,1514640719999,19.17600000,2,0.00000000,0.00000000
1514640720000,0.37600000,0.37600000,0.37600000,0.37600000,16.00000000,1514640779999,6.01600000,2,0.00000000,0.00000000
1514640780000,0.37600000,0.37600000,0.37600000,0.37600000,0.00000000,1514640839999,0.00000000,0,0.00000000,0.00000000
1514640840000,0.37600000,0.37600000,0.37600000,0.37600000,97.93000000,1514640899999,36.82168000,2,0.00000000,0.00000000
1514640900000,0.37600000,0.37600000,0.37600000,0.37600000,244.51000000,1514640959999,91.93576000,5,0.00000000,0.00000000
1514640960000,0.37600000,0.37600000,0.37600000,0.37600000,0.00000000,1514641019999,0.00000000,0,0.00000000,0.00000000
1514641020000,0.37600000,0.37600000,0.37600000,0.37600000,0.00000000,1514641079999,0.00000000,0,0.00000000,0.00000000
1514641080000,0.37600000,0.37600000,0.37600000,0.37600000,0.00000000,1514641139999,0.00000000,0,0.00000000,0.00000000
1514641140000,0.37600000,0.37600000,0.37600000,0.37600000,0.00000000,1514641199999,0.00000000,0,0.00000000,0.00000000
1514641200000,0.37600000,0.37600000,0.37600000,0.37600000,0.00000000,1514641259999,0.00000000,0,0.00000000,0.00000000
1514641260000,0.37600000,0.37600000,0.37600000,0.37600000,0.00000000,1514641319999,0.00000000,0,0.00000000,0.00000000
1514641320000,0.37965000,0.37965000,0.37965000,0.37965000,69.00000000,1514641379999,26.19585000,4,44.78000000,17.00072700
1514641380000,0.37964000,0.38005000,0.37964000,0.38005000,61.91000000,1514641439999,23.50930570,4,47.78000000,18.13919920
1514641440000,0.38005000,0.38005000,0.38005000,0.38005000,0.00000000,1514641499999,0.00000000,0,0.00000000,0.00000000
1514641500000,0.38005000,0.38005000,0.38005000,0.38005000,0.00000000,1514641559999,0.00000000,0,0.00000000,0.00000000
1514641560000,0.38005000,0.38005000,0.38005000,0.38005000,0.00000000,1514641619999,0.00000000,0,0.00000000,0.00000000
1514641620000,0.38005000,0.38005000,0.37700000,0.37700000,290.71000000,1514641679999,109.72378750,8,41.35000000,15.71506750
1514641680000,0.37700000,0.37700000,0.37700000,0.37700000,34.00000000,1514641739999,12.81800000,5,0.00000000,0.00000000
1514641740000,0.37700000,0.37700000,0.37700000,0.37700000,142.96000000,1514641799999,53.89592000,6,0.00000000,0.00000000
1514641800000,0.37700000,0.37700000,0.37700000,0.37700000,120.84000000,1514641859999,45.55668000,5,0.00000000,0.00000000
1514641860000,0.37700000,0.37700000,0.37700000,0.37700000,96.00000000,1514641919999,36.19200000,2,0.00000000,0.00000000
1514641920000,0.37700000,0.37700000,0.37700000,0.37700000,0.00000000,1514641979999,0.00000000,0,0.00000000,0.00000000
1514641980000,0.37700000,0.37700000,0.37700000,0.37700000,66.00000000,1514642039999,24.88200000,1,0.00000000,0.00000000
1514642040000,0.37700000,0.37700000,0.37600000,0.37600000,613.84000000,1514642099999,231.28468000,3,0.00000000,0.00000000
1514642100000,0.37600000,0.37600000,0.37600000,0.37600000,0.00000000,1514642159999,0.00000000,0,0.00000000,0.00000000
1514642160000,0.37600000,0.37600000,0.37600000,0.37600000,466.03000000,1514642219999,175.22728000,3,0.00000000,0.00000000
1514642220000,0.37600000,0.37600000,0.37600000,0.37600000,121.28000000,1514642279999,45.60128000,2,0.00000000,0.00000000
1514642280000,0.37600000,0.37600000,0.37600000,0.37600000,198.00000000,1514642339999,74.44800000,2,0.00000000,0.00000000
1514642340000,0.37600000,0.37600000,0.37600000,0.37600000,0.00000000,1514642399999,0.00000000,0,0.00000000,0.00000000
1514642400000,0.37600000,0.37600000,0.37600000,0.37600000,0.00000000,1514642459999,0.00000000,0,0.00000000,0.00000000
1514642460000,0.37600000,0.37600000,0.37600000,0.37600000,377.00000000,1514642519999,141.75200000,1,0.00000000,0.00000000
1514642520000,0.37600000,0.37600000,0.37600000,0.37600000,0.00000000,1514642579999,0.00000000,0,0.00000000,0.00000000
1514642580000,0.37600000,0.37600000,0.37600000,0.37600000,0.00000000,1514642639999,0.00000000,0,0.00000000,0.00000000
1514642640000,0.37600000,0.37600000,0.37600000,0.37600000,0.00000000,1514642699999,0.00000000,0,0.00000000,0.00000000
1514642700000,0.37601000,0.37601000,0.37601000,0.37601000,10.00000000,1514642759999,3.76010000,1,0.00000000,0.00000000
1514642760000,0.37601000,0.37601000,0.37601000,0.37601000,0.00000000,1514642819999,0.00000000,0,0.00000000,0.00000000
1514642820000,0.37601000,0.37601000,0.37601000,0.37601000,0.00000000,1514642879999,0.00000000,0,0.00000000,0.00000000
1514642880000,0.37601000,0.37601000,0.37601000,0.37601000,24.00000000,1514642939999,9.02424000,1,0.00000000,0.00000000
1514642940000,0.37700000,0.37700000,0.37700000,0.37700000,37.16000000,1514642999999,14.00932000,2,37.16000000,14.00932000
1514643000000,0.37700000,0.37700000,0.37700000,0.37700000,0.00000000,1514643059999,0.00000000,0,0.00000000,0.00000000
1514643060000,0.37700000,0.37700000,0.37700000,0.37700000,0.00000000,1514643119999,0.00000000,0,0.00000000,0.00000000
1514643120000,0.37700000,0.37700000,0.37700000,0.37700000,0.00000000,1514643179999,0.00000000,0,0.00000000,0.00000000
1514643180000,0.37600000,0.37600000,0.37600000,0.37600000,0.01000000,1514643239999,0.00376000,1,0.00000000,0.00000000
1514643240000,0.37600000,0.37600000,0.37600000,0.37600000,0.00000000,1514643299999,0.00000000,0,0.00000000,0.00000000
1514643300000,0.37600000,0.37600000,0.37600000,0.37600000,0.00000000,1514643359999,0.00000000,0,0.00000000,0.00000000
1514643360000,0.38005000,0.38998000,0.38005000,0.38998000,30.01000000,1514643419999,11.69813620,3,30.01000000,11.69813620
1514643420000,0.37601000,0.37601000,0.37601000,0.37601000,35.00000000,1514643479999,13.16035000,1,0.00000000,0.00000000
1514643480000,0.37601000,0.37601000,0.37601000,0.37601000,0.00000000,1514643539999,0.00000000,0,0.00000000,0.00000000
1514643540000,0.37601000,0.37601000,0.37601000,0.37601000,0.00000000,1514643599999,0.00000000,0,0.00000000,0.00000000
1514643600000,0.37601000,0.37601000,0.37601000,0.37601000,0.00000000,1514643659999,0.00000000,0,0.00000000,0.00000000
1514643660000,0.37601000,0.37601000,0.37601000,0.37601000,0.00000000,1514643719999,0.00000000,0,0.00000000,0.00000000
1514643720000,0.37601000,0.37601000,0.37601000,0.37601000,0.00000000,1514643779999,0.00000000,0,0.00000000,0.00000000
1514643780000,0.37601000,0.37601000,0.37601000,0.37601000,0.00000000,1514643839999,0.00000000,0,0.00000000,0.00000000
1514643840000,0.37601000,0.37601000,0.37601000,0.37601000,20.00000000,1514643899999,7.52020000,1,20.00000000,7.52020000
1514643900000,0.37601000,0.37601000,0.37601000,0.37601000,0.00000000,1514643959999,0.00000000,0,0.00000000,0.00000000
1514643960000,0.37601000,0.37601000,0.37601000,0.37601000,0.00000000,1514644019999,0.00000000,0,0.00000000,0.00000000
1514644020000,0.37601000,0.37601000,0.37601000,0.37601000,0.00000000,1514644079999,0.00000000,0,0.00000000,0.00000000
1514644080000,0.37601000,0.37601000,0.37601000,0.37601000,0.00000000,1514644139999,0.00000000,0,0.00000000,0.00000000
1514644140000,0.37601000,0.37601000,0.37601000,0.37601000,0.00000000,1514644199999,0.00000000,0,0.00000000,0.00000000
1514644200000,0.37601000,0.37601000,0.37601000,0.37601000,0.00000000,1514644259999,0.00000000,0,0.00000000,0.00000000
1514644260000,0.37601000,0.37601000,0.37601000,0.37601000,0.00000000,1514644319999,0.00000000,0,0.00000000,0.00000000
1514644320000,0.37601000,0.37601000,0.37601000,0.37601000,0.00000000,1514644379999,0.00000000,0,0.00000000,0.00000000
1514644380000,0.37601000,0.37601000,0.37601000,0.37601000,0.00000000,1514644439999,0.00000000,0,0.00000000,0.00000000
1514644440000,0.37601000,0.37601000,0.37601000,0.37601000,0.00000000,1514644499999,0.00000000,0,0.00000000,0.00000000
1514644500000,0.37601000,0.37601000,0.37601000,0.37601000,0.00000000,1514644559999,0.00000000,0,0.00000000,0.00000000
1514644560000,0.37601000,0.37601000,0.37601000,0.37601000,0.00000000,1514644619999,0.00000000,0,0.00000000,0.00000000
1514644620000,0.38957000,0.38957000,0.38957000,0.38957000,11.00000000,1514644679999,4.28527000,1,11.00000000,4.28527000
1514644680000,0.38957000,0.38957000,0.38957000,0.38957000,0.00000000,1514644739999,0.00000000,0,0.00000000,0.00000000
1514644740000,0.38957000,0.38957000,0.38957000,0.38957000,0.00000000,1514644799999,0.00000000,0,0.00000000,0.00000000
1514644800000,0.38957000,0.38957000,0.38957000,0.38957000,0.00000000,1514644859999,0.00000000,0,0.00000000,0.00000000
1514644860000,0.38957000,0.38957000,0.38957000,0.38957000,0.00000000,1514644919999,0.00000000,0,0.00000000,0.00000000
1514644920000,0.38957000,0.38957000,0.38957000,0.38957000,0.00000000,1514644979999,0.00000000,0,0.00000000,0.00000000
1514644980000,0.38957000,0.38957000,0.38957000,0.38957000,0.00000000,1514645039999,0.00000000,0,0.00000000,0.00000000
1514645040000,0.38957000,0.38957000,0.38957000,0.38957000,0.00000000,1514645099999,0.00000000,0,0.00000000,0.00000000
1514645100000,0.38957000,0.38957000,0.38957000,0.38957000,0.00000000,1514645159999,0.00000000,0,0.00000000,0.00000000
1514645160000,0.38957000,0.38957000,0.38957000,0.38957000,0.00000000,1514645219999,0.00000000,0,0.00000000,0.00000000
1514645220000,0.38957000,0.38957000,0.38957000,0.38957000,0.00000000,1514645279999,0.00000000,0,0.00000000,0.00000000
1514645280000,0.38957000,0.38957000,0.38957000,0.38957000,0.00000000,1514645339999,0.00000000,0,0.00000000,0.00000000
1514645340000,0.38957000,0.38957000,0.38957000,0.38957000,0.00000000,1514645399999,0.00000000,0,0.00000000,0.00000000
1514645400000,0.38957000,0.38957000,0.38957000,0.38957000,0.00000000,1514645459999,0.00000000,0,0.00000000,0.00000000
1514645460000,0.38957000,0.38957000,0.38957000,0.38957000,0.00000000,1514645519999,0.00000000,0,0.00000000,0.00000000
1514645520000,0.38957000,0.38957000,0.38957000,0.38957000,0.00000000,1514645579999,0.00000000,0,0.00000000,0.00000000
1514645580000,0.38957000,0.38957000,0.38957000,0.38957000,0.00000000,1514645639999,0.00000000,0,0.00000000,0.00000000
1514645640000,0.38957000,0.38957000,0.38957000,0.38957000,0.00000000,1514645699999,0.00000000,0,0.00000000,0.00000000
1514645700000,0.38957000,0.38957000,0.38957000,0.38957000,0.00000000,1514645759999,0.00000000,0,0.00000000,0.00000000
1514645760000,0.38957000,0.38957000,0.38957000,0.38957000,0.00000000,1514645819999,0.00000000,0,0.00000000,0.00000000
1514645820000,0.38957000,0.38957000,0.38957000,0.38957000,0.00000000,1514645879999,0.00000000,0,0.00000000,0.00000000
1514645880000,0.38957000,0.38957000,0.38957000,0.38957000,0.00000000,1514645939999,0.00000000,0,0.00000000,0.00000000
1514645940000,0.38957000,0.38957000,0.38957000,0.38957000,0.00000000,1514645999999,0.00000000,0,0.00000000,0.00000000
1514646000000,0.38957000,0.38957000,0.38957000,0.38957000,0.00000000,1514646059999,0.00000000,0,0.00000000,0.00000000
1514646060000,0.38957000,0.38957000,0.38957000,0.38957000,0.00000000,1514646119999,0.00000000,0,0.00000000,0.00000000
1514646120000,0.38957000,0.38957000,0.38957000,0.38957000,0.00000000,1514646179999,0.00000000,0,0.00000000,0.00000000
1514646180000,0.38957000,0.38957000,0.38957000,0.38957000,0.00000000,1514646239999,0.00000000,0,0.00000000,0.00000000
1514646240000,0.38957000,0.38957000,0.38957000,0.38957000,0.00000000,1514646299999,0.00000000,0,0.00000000,0.00000000
1514646300000,0.38957000,0.38957000,0.38957000,0.38957000,0.00000000,1514646359999,0.00000000,0,0.00000000,0.00000000
1514646360000,0.38957000,0.38957000,0.38957000,0.38957000,0.00000000,1514646419999,0.00000000,0,0.00000000,0.00000000
1514646420000,0.38957000,0.38957000,0.38957000,0.38957000,0.00000000,1514646479999,0.00000000,0,0.00000000,0.00000000
1514646480000,0.38957000,0.38957000,0.38957000,0.38957000,0.00000000,1514646539999,0.00000000,0,0.00000000,0.00000000
1514646540000,0.37269000,0.38781000,0.37269000,0.38781000,6.83000000,1514646599999,2.56059270,2,1.00000000,0.38781000
1514646600000,0.38781000,0.38781000,0.38781000,0.38781000,0.00000000,1514646659999,0.00000000,0,0.00000000,0.00000000
1514646660000,0.38781000,0.38781000,0.38781000,0.38781000,0.00000000,1514646719999,0.00000000,0,0.00000000,0.00000000
1514646720000,0.38781000,0.38781000,0.38781000,0.38781000,0.00000000,1514646779999,0.00000000,0,0.00000000,0.00000000
1514646780000,0.38781000,0.38781000,0.38781000,0.38781000,0.00000000,1514646839999,0.00000000,0,0.00000000,0.00000000
1514646840000,0.38781000,0.38781000,0.38781000,0.38781000,0.00000000,1514646899999,0.00000000,0,0.00000000,0.00000000
1514646900000,0.38781000,0.38781000,0.38781000,0.38781000,0.00000000,1514646959999,0.00000000,0,0.00000000,0.00000000
1514646960000,0.38781000,0.38781000,0.38781000,0.38781000,0.00000000,1514647019999,0.00000000,0,0.00000000,0.00000000
1514647020000,0.38781000,0.38781000,0.38781000,0.38781000,0.00000000,1514647079999,0.00000000,0,0.00000000,0.00000000
1514647080000,0.38781000,0.38781000,0.38781000,0.38781000,0.00000000,1514647139999,0.00000000,0,0.00000000,0.00000000
1514647140000,0.37999000,0.37999000,0.37999000,0.37999000,181.83000000,1514647199999,69.09358170,3,181.83000000,69.09358170
1514647200000,0.37999000,0.37999000,0.37999000,0.37999000,0.00000000,1514647259999,0.00000000,0,0.00000000,0.00000000
1514647260000,0.37999000,0.37999000,0.37999000,0.37999000,0.00000000,1514647319999,0.00000000,0,0.00000000,0.00000000
1514647320000,0.37999000,0.37999000,0.37999000,0.37999000,0.00000000,1514647379999,0.00000000,0,0.00000000,0.00000000
1514647380000,0.37999000,0.37999000,0.37999000,0.37999000,0.00000000,1514647439999,0.00000000,0,0.00000000,0.00000000
1514647440000,0.37999000,0.37999000,0.37999000,0.37999000,0.00000000,1514647499999,0.00000000,0,0.00000000,0.00000000
1514647500000,0.37999000,0.37999000,0.37999000,0.37999000,30.00000000,1514647559999,11.39970000,1,0.00000000,0.00000000
1514647560000,0.37999000,0.37999000,0.37999000,0.37999000,0.00000000,1514647619999,0.00000000,0,0.00000000,0.00000000
1514647620000,0.37999000,0.37999000,0.37999000,0.37999000,0.00000000,1514647679999,0.00000000,0,0.00000000,0.00000000
1514647680000,0.37999000,0.37999000,0.37999000,0.37999000,0.00000000,1514647739999,0.00000000,0,0.00000000,0.00000000
1514647740000,0.37999000,0.37999000,0.37999000,0.37999000,0.00000000,1514647799999,0.00000000,0,0.00000000,0.00000000
1514647800000,0.37999000,0.37999000,0.37999000,0.37999000,0.00000000,1514647859999,0.00000000,0,0.00000000,0.00000000
1514647860000,0.37999000,0.37999000,0.37999000,0.37999000,0.00000000,1514647919999,0.00000000,0,0.00000000,0.00000000
1514647920000,0.37999000,0.37999000,0.37999000,0.37999000,0.00000000,1514647979999,0.00000000,0,0.00000000,0.00000000
1514647980000,0.38168000,0.38168000,0.38168000,0.38168000,2.62000000,1514648039999,1.00000160,1,2.62000000,1.00000160
1514648040000,0.38168000,0.38168000,0.38168000,0.38168000,0.00000000,1514648099999,0.00000000,0,0.00000000,0.00000000
1514648100000,0.38168000,0.38168000,0.38168000,0.38168000,0.00000000,1514648159999,0.00000000,0,0.00000000,0.00000000
1514648160000,0.38168000,0.38168000,0.38168000,0.38168000,0.00000000,1514648219999,0.00000000,0,0.00000000,0.00000000
1514648220000,0.38168000,0.38168000,0.38168000,0.38168000,0.00000000,1514648279999,0.00000000,0,0.00000000,0.00000000
1514648280000,0.38168000,0.38168000,0.38168000,0.38168000,0.00000000,1514648339999,0.00000000,0,0.00000000,0.00000000
1514648340000,0.38169000,0.38169000,0.38168000,0.38168000,431.62000000,1514648399999,164.74211840,8,0.00000000,0.00000000
1514648400000,0.37800000,0.37800000,0.37800000,0.37800000,2.00000000,1514648459999,0.75600000,1,0.00000000,0.00000000
1514648460000,0.37800000,0.37800000,0.37800000,0.37800000,0.00000000,1514648519999,0.00000000,0,0.00000000,0.00000000
1514648520000,0.38168000,0.38168000,0.38168000,0.38168000,5.79000000,1514648579999,2.20992720,2,5.79000000,2.20992720
1514648580000,0.38168000,0.38168000,0.38168000,0.38168000,0.00000000,1514648639999,0.00000000,0,0.00000000,0.00000000
1514648640000,0.38168000,0.38168000,0.38168000,0.38168000,0.00000000,1514648699999,0.00000000,0,0.00000000,0.00000000
1514648700000,0.38168000,0.38168000,0.38168000,0.38168000,0.00000000,1514648759999,0.00000000,0,0.00000000,0.00000000
1514648760000,0.38168000,0.38168000,0.38168000,0.38168000,0.00000000,1514648819999,0.00000000,0,0.00000000,0.00000000
1514648820000,0.38168000,0.38168000,0.38168000,0.38168000,0.00000000,1514648879999,0.00000000,0,0.00000000,0.00000000
1514648880000,0.38168000,0.38168000,0.38168000,0.38168000,0.00000000,1514648939999,0.00000000,0,0.00000000,0.00000000
1514648940000,0.38168000,0.38168000,0.38168000,0.38168000,0.00000000,1514648999999,0.00000000,0,0.00000000,0.00000000
1514649000000,0.38168000,0.38168000,0.38168000,0.38168000,0.00000000,1514649059999,0.00000000,0,0.00000000,0.00000000
1514649060000,0.38168000,0.38168000,0.38168000,0.38168000,0.00000000,1514649119999,0.00000000,0,0.00000000,0.00000000
1514649120000,0.38168000,0.38168000,0.38168000,0.38168000,0.00000000,1514649179999,0.00000000,0,0.00000000,0.00000000
1514649180000,0.38168000,0.38168000,0.38168000,0.38168000,0.00000000,1514649239999,0.00000000,0,0.00000000,0.00000000
1514649240000,0.38168000,0.38168000,0.38168000,0.38168000,0.00000000,1514649299999,0.00000000,0,0.00000000,0.00000000
1514649300000,0.38168000,0.38168000,0.38168000,0.38168000,0.00000000,1514649359999,0.00000000,0,0.00000000,0.00000000
1514649360000,0.38168000,0.38168000,0.38168000,0.38168000,0.00000000,1514649419999,0.00000000,0,0.00000000,0.00000000
1514649420000,0.38168000,0.38168000,0.38168000,0.38168000,0.00000000,1514649479999,0.00000000,0,0.00000000,0.00000000
1514649480000,0.38168000,0.38168000,0.38168000,0.38168000,0.00000000,1514649539999,0.00000000,0,0.00000000,0.00000000
1514649540000,0.38168000,0.38168000,0.38168000,0.38168000,0.00000000,1514649599999,0.00000000,0,0.00000000,0.00000000
1514649600000,0.38168000,0.38168000,0.38168000,0.38168000,0.00000000,1514649659999,0.00000000,0,0.00000000,0.00000000
1514649660000,0.38168000,0.38168000,0.38168000,0.38168000,0.00000000,1514649719999,0.00000000,0,0.00000000,0.00000000
1514649720000,0.38168000,0.38168000,0.38168000,0.38168000,0.00000000,1514649779999,0.00000000,0,0.00000000,0.00000000
1514649780000,0.38168000,0.38168000,0.38168000,0.38168000,0.00000000,1514649839999,0.00000000,0,0.00000000,0.00000000
1514649840000,0.38168000,0.38168000,0.38168000,0.38168000,0.00000000,1514649899999,0.00000000,0,0.00000000,0.00000000
1514649900000,0.38168000,0.38168000,0.38168000,0.38168000,0.00000000,1514649959999,0.00000000,0,0.00000000,0.00000000
1514649960000,0.38168000,0.38168000,0.38168000,0.38168000,0.00000000,1514650019999,0.00000000,0,0.00000000,0.00000000
1514650020000,0.38880000,0.38880000,0.38880000,0.38880000,3.90000000,1514650079999,1.51632000,1,3.90000000,1.51632000
1514650080000,0.38880000,0.38880000,0.38880000,0.38880000,0.00000000,1514650139999,0.00000000,0,0.00000000,0.00000000
1514650140000,0.38880000,0.38880000,0.38880000,0.38880000,0.00000000,1514650199999,0.00000000,0,0.00000000,0.00000000
1514650200000,0.38880000,0.38880000,0.38880000,0.38880000,0.00000000,1514650259999,0.00000000,0,0.00000000,0.00000000
1514650260000,0.38880000,0.38880000,0.38880000,0.38880000,0.00000000,1514650319999,0.00000000,0,0.00000000,0.00000000
1514650320000,0.38880000,0.38880000,0.38880000,0.38880000,0.00000000,1514650379999,0.00000000,0,0.00000000,0.00000000
1514650380000,0.38880000,0.38880000,0.38880000,0.38880000,0.00000000,1514650439999,0.00000000,0,0.00000000,0.00000000
1514650440000,0.38880000,0.38880000,0.38880000,0.38880000,0.00000000,1514650499999,0.00000000,0,0.00000000,0.00000000
1514650500000,0.38880000,0.38880000,0.38880000,0.38880000,0.00000000,1514650559999,0.00000000,0,0.00000000,0.00000000
1514650560000,0.38880000,0.38880000,0.38880000,0.38880000,0.00000000,1514650619999,0.00000000,0,0.00000000,0.00000000
1514650620000,0.38880000,0.38880000,0.38880000,0.38880000,0.00000000,1514650679999,0.00000000,0,0.00000000,0.00000000
1514650680000,0.38880000,0.38880000,0.38880000,0.38880000,0.00000000,1514650739999,0.00000000,0,0.00000000,0.00000000
1514650740000,0.38880000,0.38880000,0.38880000,0.38880000,0.00000000,1514650799999,0.00000000,0,0.00000000,0.00000000
1514650800000,0.38880000,0.38880000,0.38880000,0.38880000,0.00000000,1514650859999,0.00000000,0,0.00000000,0.00000000
1514650860000,0.38880000,0.38880000,0.38880000,0.38880000,0.00000000,1514650919999,0.00000000,0,0.00000000,0.00000000
1514650920000,0.38880000,0.38880000,0.38880000,0.38880000,0.00000000,1514650979999,0.00000000,0,0.00000000,0.00000000
1514650980000,0.38880000,0.38880000,0.38880000,0.38880000,0.00000000,1514651039999,0.00000000,0,0.00000000,0.00000000
1514651040000,0.38880000,0.38880000,0.38880000,0.38880000,0.00000000,1514651099999,0.00000000,0,0.00000000,0.00000000
1514651100000,0.38880000,0.38880000,0.38880000,0.38880000,0.00000000,1514651159999,0.00000000,0,0.00000000,0.00000000
1514651160000,0.38875000,0.38875000,0.38875000,0.38875000,4.68000000,1514651219999,1.81935000,1,4.68000000,1.81935000
1514651220000,0.38875000,0.38875000,0.38875000,0.38875000,0.00000000,1514651279999,0.00000000,0,0.00000000,0.00000000
1514651280000,0.38875000,0.38875000,0.38875000,0.38875000,0.00000000,1514651339999,0.00000000,0,0.00000000,0.00000000
1514651340000,0.38875000,0.38875000,0.38875000,0.38875000,0.00000000,1514651399999,0.00000000,0,0.00000000,0.00000000
1514651400000,0.38875000,0.38875000,0.38875000,0.38875000,0.00000000,1514651459999,0.00000000,0,0.00000000,0.00000000
1514651460000,0.38875000,0.38875000,0.38875000,0.38875000,0.00000000,1514651519999,0.00000000,0,0.00000000,0.00000000
1514651520000,0.38875000,0.38875000,0.38875000,0.38875000,0.00000000,1514651579999,0.00000000,0,0.00000000,0.00000000
1514651580000,0.38875000,0.38875000,0.38875000,0.38875000,0.00000000,1514651639999,0.00000000,0,0.00000000,0.00000000
1514651640000,0.38875000,0.38875000,0.38875000,0.38875000,0.00000000,1514651699999,0.00000000,0,0.00000000,0.00000000
1514651700000,0.38875000,0.38875000,0.38875000,0.38875000,0.00000000,1514651759999,0.00000000,0,0.00000000,0.00000000
1514651760000,0.38875000,0.38875000,0.38875000,0.38875000,0.00000000,1514651819999,0.00000000,0,0.00000000,0.00000000
1514651820000,0.38875000,0.38875000,0.38875000,0.38875000,0.00000000,1514651879999,0.00000000,0,0.00000000,0.00000000
1514651880000,0.37800000,0.37800000,0.37800000,0.37800000,41.00000000,1514651939999,15.49800000,1,0.00000000,0.00000000
1514651940000,0.37800000,0.37800000,0.37800000,0.37800000,0.00000000,1514651999999,0.00000000,0,0.00000000,0.00000000
1514652000000,0.37800000,0.37800000,0.37800000,0.37800000,0.00000000,1514652059999,0.00000000,0,0.00000000,0.00000000
1514652060000,0.37800000,0.37800000,0.37800000,0.37800000,0.00000000,1514652119999,0.00000000,0,0.00000000,0.00000000
1514652120000,0.37800000,0.37800000,0.37800000,0.37800000,0.00000000,1514652179999,0.00000000,0,0.00000000,0.00000000
1514652180000,0.37800000,0.37800000,0.37800000,0.37800000,0.00000000,1514652239999,0.00000000,0,0.00000000,0.00000000
1514652240000,0.37800000,0.37800000,0.37800000,0.37800000,0.00000000,1514652299999,0.00000000,0,0.00000000,0.00000000
1514652300000,0.37800000,0.37800000,0.37800000,0.37800000,0.00000000,1514652359999,0.00000000,0,0.00000000,0.00000000
1514652360000,0.37800000,0.37800000,0.37800000,0.37800000,0.00000000,1514652419999,0.00000000,0,0.00000000,0.00000000
1514652420000,0.37800000,0.37800000,0.37800000,0.37800000,0.00000000,1514652479999,0.00000000,0,0.00000000,0.00000000
1514652480000,0.37800000,0.37800000,0.37800000,0.37800000,0.00000000,1514652539999,0.00000000,0,0.00000000,0.00000000
1514652540000,0.37800000,0.37800000,0.37800000,0.37800000,0.00000000,1514652599999,0.00000000,0,0.00000000,0.00000000
1514652600000,0.37800000,0.37800000,0.37800000,0.37800000,0.00000000,1514652659999,0.00000000,0,0.00000000,0.00000000
1514652660000,0.37800000,0.37800000,0.37800000,0.37800000,0.00000000,1514652719999,0.00000000,0,0.00000000,0.00000000
1514652720000,0.37800000,0.37800000,0.37800000,0.37800000,0.00000000,1514652779999,0.00000000,0,0.00000000,0.00000000
1514652780000,0.37800000,0.37800000,0.37800000,0.37800000,0.00000000,1514652839999,0.00000000,0,0.00000000,0.00000000
1514652840000,0.37800000,0.37800000,0.37800000,0.37800000,0.00000000,1514652899999,0.00000000,0,0.00000000,0.00000000
1514652900000,0.37800000,0.37800000,0.37800000,0.37800000,0.00000000,1514652959999,0.00000000,0,0.00000000,0.00000000
1514652960000,0.37800000,0.37800000,0.37800000,0.37800000,0.00000000,1514653019999,0.00000000,0,0.00000000,0.00000000
1514653020000,0.37800000,0.37800000,0.37800000,0.37800000,0.00000000,1514653079999,0.00000000,0,0.00000000,0.00000000
1514653080000,0.37800000,0.37800000,0.37800000,0.37800000,0.00000000,1514653139999,0.00000000,0,0.00000000,0.00000000
1514653140000,0.37800000,0.37800000,0.37800000,0.37800000,0.00000000,1514653199999,0.00000000,0,0.00000000,0.00000000
1514653200000,0.37800000,0.37800000,0.37800000,0.37800000,0.00000000,1514653259999,0.00000000,0,0.00000000,0.00000000
1514653260000,0.37800000,0.37800000,0.37800000,0.37800000,0.00000000,1514653319999,0.00000000,0,0.00000000,0.00000000
1514653320000,0.38828000,0.38828000,0.38828000,0.38828000,0.19000000,1514653379999,0.07377320,3,0.19000000,0.07377320
1514653380000,0.38828000,0.38828000,0.38828000,0.38828000,0.00000000,1514653439999,0.00000000,0,0.00000000,0.00000000
1514653440000,0.38828000,0.38828000,0.38828000,0.38828000,10.00000000,1514653499999,3.88280000,1,0.00000000,0.00000000
1514653500000,0.38828000,0.38828000,0.38828000,0.38828000,0.00000000,1514653559999,0.00000000,0,0.00000000,0.00000000
1514653560000,0.38828000,0.38828000,0.38828000,0.38828000,0.00000000,1514653619999,0.00000000,0,0.00000000,0.00000000
1514653620000,0.38828000,0.38828000,0.38828000,0.38828000,0.00000000,1514653679999,0.00000000,0,0.00000000,0.00000000
1514653680000,0.38828000,0.38828000,0.38828000,0.38828000,0.00000000,1514653739999,0.00000000,0,0.00000000,0.00000000
1514653740000,0.38828000,0.38828000,0.38828000,0.38828000,0.00000000,1514653799999,0.00000000,0,0.00000000,0.00000000
1514653800000,0.38828000,0.38828000,0.38828000,0.38828000,0.00000000,1514653859999,0.00000000,0,0.00000000,0.00000000
1514653860000,0.38828000,0.38828000,0.38828000,0.38828000,0.00000000,1514653919999,0.00000000,0,0.00000000,0.00000000
1514653920000,0.38828000,0.38828000,0.38828000,0.38828000,0.00000000,1514653979999,0.00000000,0,0.00000000,0.00000000
1514653980000,0.38828000,0.38828000,0.38828000,0.38828000,0.00000000,1514654039999,0.00000000,0,0.00000000,0.00000000
1514654040000,0.38828000,0.38828000,0.38828000,0.38828000,0.00000000,1514654099999,0.00000000,0,0.00000000,0.00000000
1514654100000,0.38828000,0.38828000,0.38828000,0.38828000,0.00000000,1514654159999,0.00000000,0,0.00000000,0.00000000
1514654160000,0.38828000,0.38828000,0.38828000,0.38828000,0.00000000,1514654219999,0.00000000,0,0.00000000,0.00000000
1514654220000,0.38828000,0.38828000,0.38828000,0.38828000,0.00000000,1514654279999,0.00000000,0,0.00000000,0.00000000
1514654280000,0.38828000,0.38828000,0.38828000,0.38828000,0.00000000,1514654339999,0.00000000,0,0.00000000,0.00000000
1514654340000,0.38828000,0.38828000,0.38828000,0.38828000,0.00000000,1514654399999,0.00000000,0,0.00000000,0.00000000
1514654400000,0.38828000,0.38828000,0.38828000,0.38828000,0.00000000,1514654459999,0.00000000,0,0.00000000,0.00000000
1514654460000,0.38828000,0.38828000,0.38828000,0.38828000,0.00000000,1514654519999,0.00000000,0,0.00000000,0.00000000
1514654520000,0.38828000,0.38828000,0.38828000,0.38828000,0.00000000,1514654579999,0.00000000,0,0.00000000,0.00000000
1514654580000,0.38828000,0.38828000,0.38828000,0.38828000,0.00000000,1514654639999,0.00000000,0,0.00000000,0.00000000
1514654640000,0.38828000,0.38828000,0.38828000,0.38828000,0.00000000,1514654699999,0.00000000,0,0.00000000,0.00000000
1514654700000,0.38828000,0.38828000,0.38828000,0.38828000,0.00000000,1514654759999,0.00000000,0,0.00000000,0.00000000
1514654760000,0.38828000,0.38828000,0.38828000,0.38828000,0.00000000,1514654819999,0.00000000,0,0.00000000,0.00000000
1514654820000,0.38828000,0.38828000,0.38828000,0.38828000,0.00000000,1514654879999,0.00000000,0,0.00000000,0.00000000
1514654880000,0.38827000,0.38875000,0.38827000,0.38827000,550.99000000,1514654939999,213.98286410,7,545.99000000,212.04151410
1514654940000,0.38827000,0.38827000,0.38827000,0.38827000,0.00000000,1514654999999,0.00000000,0,0.00000000,0.00000000
1514655000000,0.38827000,0.38827000,0.38827000,0.38827000,0.00000000,1514655059999,0.00000000,0,0.00000000,0.00000000
1514655060000,0.38827000,0.38827000,0.38827000,0.38827000,0.00000000,1514655119999,0.00000000,0,0.00000000,0.00000000
1514655120000,0.38827000,0.38827000,0.38827000,0.38827000,0.00000000,1514655179999,0.00000000,0,0.00000000,0.00000000
1514655180000,0.38827000,0.38827000,0.38827000,0.38827000,0.00000000,1514655239999,0.00000000,0,0.00000000,0.00000000
1514655240000,0.38827000,0.38827000,0.38827000,0.38827000,0.00000000,1514655299999,0.00000000,0,0.00000000,0.00000000
1514655300000,0.38827000,0.38827000,0.38827000,0.38827000,0.00000000,1514655359999,0.00000000,0,0.00000000,0.00000000
1514655360000,0.38827000,0.38827000,0.38827000,0.38827000,0.00000000,1514655419999,0.00000000,0,0.00000000,0.00000000
1514655420000,0.38827000,0.38827000,0.38827000,0.38827000,0.00000000,1514655479999,0.00000000,0,0.00000000,0.00000000
1514655480000,0.39869000,0.39869000,0.39869000,0.39869000,3.50000000,1514655539999,1.39541500,1,3.50000000,1.39541500
1514655540000,0.39869000,0.39869000,0.39869000,0.39869000,0.20000000,1514655599999,0.07973800,1,0.20000000,0.07973800
1514655600000,0.39869000,0.39869000,0.39869000,0.39869000,0.00000000,1514655659999,0.00000000,0,0.00000000,0.00000000
1514655660000,0.39869000,0.39869000,0.39869000,0.39869000,0.00000000,1514655719999,0.00000000,0,0.00000000,0.00000000
1514655720000,0.39869000,0.39869000,0.39869000,0.39869000,0.00000000,1514655779999,0.00000000,0,0.00000000,0.00000000
1514655780000,0.39869000,0.39869000,0.39869000,0.39869000,0.00000000,1514655839999,0.00000000,0,0.00000000,0.00000000
1514655840000,0.39869000,0.39869000,0.39869000,0.39869000,0.00000000,1514655899999,0.00000000,0,0.00000000,0.00000000
1514655900000,0.39869000,0.39869000,0.39869000,0.39869000,0.00000000,1514655959999,0.00000000,0,0.00000000,0.00000000
1514655960000,0.39869000,0.39869000,0.39869000,0.39869000,0.00000000,1514656019999,0.00000000,0,0.00000000,0.00000000
1514656020000,0.39869000,0.39869000,0.39869000,0.39869000,0.00000000,1514656079999,0.00000000,0,0.00000000,0.00000000
1514656080000,0.39869000,0.39869000,0.39869000,0.39869000,0.00000000,1514656139999,0.00000000,0,0.00000000,0.00000000
1514656140000,0.39869000,0.39869000,0.39869000,0.39869000,0.00000000,1514656199999,0.00000000,0,0.00000000,0.00000000
1514656200000,0.39869000,0.39869000,0.39869000,0.39869000,0.00000000,1514656259999,0.00000000,0,0.00000000,0.00000000
1514656260000,0.39869000,0.39869000,0.39869000,0.39869000,0.00000000,1514656319999,0.00000000,0,0.00000000,0.00000000
1514656320000,0.39869000,0.39869000,0.39869000,0.39869000,0.00000000,1514656379999,0.00000000,0,0.00000000,0.00000000
1514656380000,0.39869000,0.39869000,0.39869000,0.39869000,0.00000000,1514656439999,0.00000000,0,0.00000000,0.00000000
1514656440000,0.39869000,0.39869000,0.39869000,0.39869000,0.00000000,1514656499999,0.00000000,0,0.00000000,0.00000000
1514656500000,0.39869000,0.39869000,0.39869000,0.39869000,0.00000000,1514656559999,0.00000000,0,0.00000000,0.00000000
1514656560000,0.39869000,0.39869000,0.39869000,0.39869000,0.00000000,1514656619999,0.00000000,0,0.00000000,0.00000000
1514656620000,0.39557000,0.39557000,0.39557000,0.39557000,153.82000000,1514656679999,60.84657740,5,26.76000000,10.58545320
1514656680000,0.38656000,0.38656000,0.38656000,0.38656000,47.84000000,1514656739999,18.49303040,2,47.84000000,18.49303040
1514656740000,0.38656000,0.38656000,0.38656000,0.38656000,0.00000000,1514656799999,0.00000000,0,0.00000000,0.00000000
1514656800000,0.38656000,0.38656000,0.38656000,0.38656000,0.00000000,1514656859999,0.00000000,0,0.00000000,0.00000000
1514656860000,0.38656000,0.38656000,0.38656000,0.38656000,0.00000000,1514656919999,0.00000000,0,0.00000000,0.00000000
1514656920000,0.38656000,0.38656000,0.38656000,0.38656000,0.00000000,1514656979999,0.00000000,0,0.00000000,0.00000000
1514656980000,0.38656000,0.38656000,0.38656000,0.38656000,0.00000000,1514657039999,0.00000000,0,0.00000000,0.00000000
1514657040000,0.38999000,0.38999000,0.38999000,0.38999000,43.00000000,1514657099999,16.76957000,1,43.00000000,16.76957000
1514657100000,0.38999000,0.38999000,0.38999000,0.38999000,0.00000000,1514657159999,0.00000000,0,0.00000000,0.00000000
1514657160000,0.38999000,0.38999000,0.38999000,0.38999000,0.00000000,1514657219999,0.00000000,0,0.00000000,0.00000000
1514657220000,0.38999000,0.38999000,0.38999000,0.38999000,0.00000000,1514657279999,0.00000000,0,0.00000000,0.00000000
1514657280000,0.39557000,0.39557000,0.39557000,0.39557000,2.81000000,1514657339999,1.11155170,1,2.81000000,1.11155170
1514657340000,0.39557000,0.39557000,0.39557000,0.39557000,32.17000000,1514657399999,12.72548690,1,32.17000000,12.72548690
1514657400000,0.39557000,0.39557000,0.39557000,0.39557000,66.09000000,1514657459999,26.14322130,3,13.10000000,5.18196700
1514657460000,0.39557000,0.39557000,0.39557000,0.39557000,0.00000000,1514657519999,0.00000000,0,0.00000000,0.00000000
1514657520000,0.39557000,0.39557000,0.39557000,0.39557000,0.00000000,1514657579999,0.00000000,0,0.00000000,0.00000000
1514657580000,0.39557000,0.39557000,0.39557000,0.39557000,0.00000000,1514657639999,0.00000000,0,0.00000000,0.00000000
1514657640000,0.39557000,0.39557000,0.39557000,0.39557000,0.00000000,1514657699999,0.00000000,0,0.00000000,0.00000000
1514657700000,0.39557000,0.39557000,0.39557000,0.39557000,0.00000000,1514657759999,0.00000000,0,0.00000000,0.00000000
1514657760000,0.39557000,0.39557000,0.39557000,0.39557000,0.00000000,1514657819999,0.00000000,0,0.00000000,0.00000000
1514657820000,0.39557000,0.39557000,0.39557000,0.39557000,0.00000000,1514657879999,0.00000000,0,0.00000000,0.00000000
1514657880000,0.39557000,0.39557000,0.39557000,0.39557000,0.00000000,1514657939999,0.00000000,0,0.00000000,0.00000000
1514657940000,0.39557000,0.39557000,0.39557000,0.39557000,0.00000000,1514657999999,0.00000000,0,0.00000000,0.00000000
1514658000000,0.39557000,0.39557000,0.39557000,0.39557000,0.00000000,1514658059999,0.00000000,0,0.00000000,0.00000000
1514658060000,0.39557000,0.39557000,0.39557000,0.39557000,0.00000000,1514658119999,0.00000000,0,0.00000000,0.00000000
1514658120000,0.39557000,0.39557000,0.39557000,0.39557000,0.00000000,1514658179999,0.00000000,0,0.00000000,0.00000000
1514658180000,0.39557000,0.39557000,0.39557000,0.39557000,0.00000000,1514658239999,0.00000000,0,0.00000000,0.00000000
1514658240000,0.39557000,0.39557000,0.39557000,0.39557000,0.00000000,1514658299999,0.00000000,0,0.00000000,0.00000000
1514658300000,0.39557000,0.39557000,0.39557000,0.39557000,0.00000000,1514658359999,0.00000000,0,0.00000000,0.00000000
1514658360000,0.39557000,0.39557000,0.39557000,0.39557000,0.00000000,1514658419999,0.00000000,0,0.00000000,0.00000000
1514658420000,0.39557000,0.39557000,0.39557000,0.39557000,0.00000000,1514658479999,0.00000000,0,0.00000000,0.00000000
1514658480000,0.39557000,0.39557000,0.39557000,0.39557000,0.00000000,1514658539999,0.00000000,0,0.00000000,0.00000000
1514658540000,0.39557000,0.39557000,0.39557000,0.39557000,0.00000000,1514658599999,0.00000000,0,0.00000000,0.00000000
1514658600000,0.39544000,0.39544000,0.39544000,0.39544000,7.50000000,1514658659999,2.96580000,1,7.50000000,2.96580000
1514658660000,0.39544000,0.39544000,0.39544000,0.39544000,0.00000000,1514658719999,0.00000000,0,0.00000000,0.00000000
1514658720000,0.39544000,0.39544000,0.39544000,0.39544000,0.00000000,1514658779999,0.00000000,0,0.00000000,0.00000000
1514658780000,0.39544000,0.39544000,0.39544000,0.39544000,0.00000000,1514658839999,0.00000000,0,0.00000000,0.00000000
1514658840000,0.39544000,0.39544000,0.39544000,0.39544000,0.00000000,1514658899999,0.00000000,0,0.00000000,0.00000000
1514658900000,0.39544000,0.39544000,0.39544000,0.39544000,0.00000000,1514658959999,0.00000000,0,0.00000000,0.00000000
1514658960000,0.39544000,0.39544000,0.39544000,0.39544000,0.00000000,1514659019999,0.00000000,0,0.00000000,0.00000000
1514659020000,0.39544000,0.39544000,0.39544000,0.39544000,0.00000000,1514659079999,0.00000000,0,0.00000000,0.00000000
1514659080000,0.39544000,0.39544000,0.39544000,0.39544000,0.00000000,1514659139999,0.00000000,0,0.00000000,0.00000000
1514659140000,0.39544000,0.39544000,0.39544000,0.39544000,0.00000000,1514659199999,0.00000000,0,0.00000000,0.00000000
1514659200000,0.39544000,0.39544000,0.39544000,0.39544000,0.00000000,1514659259999,0.00000000,0,0.00000000,0.00000000
1514659260000,0.39544000,0.39544000,0.39544000,0.39544000,0.00000000,1514659319999,0.00000000,0,0.00000000,0.00000000
1514659320000,0.39544000,0.39544000,0.39544000,0.39544000,0.00000000,1514659379999,0.00000000,0,0.00000000,0.00000000
1514659380000,0.39544000,0.39544000,0.39544000,0.39544000,0.00000000,1514659439999,0.00000000,0,0.00000000,0.00000000
1514659440000,0.39544000,0.39544000,0.39544000,0.39544000,0.00000000,1514659499999,0.00000000,0,0.00000000,0.00000000
1514659500000,0.39544000,0.39544000,0.39544000,0.39544000,0.00000000,1514659559999,0.00000000,0,0.00000000,0.00000000
1514659560000,0.39544000,0.39544000,0.39544000,0.39544000,0.00000000,1514659619999,0.00000000,0,0.00000000,0.00000000
1514659620000,0.39544000,0.39544000,0.39544000,0.39544000,0.00000000,1514659679999,0.00000000,0,0.00000000,0.00000000
1514659680000,0.39544000,0.39544000,0.39544000,0.39544000,0.00000000,1514659739999,0.00000000,0,0.00000000,0.00000000
1514659740000,0.37800000,0.37800000,0.37800000,0.37800000,193.15000000,1514659799999,73.01070000,4,166.15000000,62.80470000
1514659800000,0.37800000,0.37800000,0.37800000,0.37800000,0.00000000,1514659859999,0.00000000,0,0.00000000,0.00000000
1514659860000,0.37800000,0.37800000,0.37800000,0.37800000,0.00000000,1514659919999,0.00000000,0,0.00000000,0.00000000
1514659920000,0.37800000,0.37800000,0.37800000,0.37800000,0.00000000,1514659979999,0.00000000,0,0.00000000,0.00000000
1514659980000,0.37800000,0.37800000,0.37800000,0.37800000,0.00000000,1514660039999,0.00000000,0,0.00000000,0.00000000
1514660040000,0.37800000,0.37800000,0.37800000,0.37800000,0.00000000,1514660099999,0.00000000,0,0.00000000,0.00000000
1514660100000,0.37800000,0.37800000,0.37800000,0.37800000,0.00000000,1514660159999,0.00000000,0,0.00000000,0.00000000
1514660160000,0.37800000,0.37800000,0.37800000,0.37800000,0.00000000,1514660219999,0.00000000,0,0.00000000,0.00000000
1514660220000,0.39556000,0.39556000,0.39556000,0.39556000,25.00000000,1514660279999,9.88900000,1,25.00000000,9.88900000
1514660280000,0.39556000,0.39556000,0.39556000,0.39556000,0.00000000,1514660339999,0.00000000,0,0.00000000,0.00000000
1514660340000,0.39556000,0.39556000,0.39556000,0.39556000,0.00000000,1514660399999,0.00000000,0,0.00000000,0.00000000
1514660400000,0.39556000,0.39556000,0.39556000,0.39556000,0.00000000,1514660459999,0.00000000,0,0.00000000,0.00000000
1514660460000,0.39556000,0.39556000,0.39556000,0.39556000,0.00000000,1514660519999,0.00000000,0,0.00000000,0.00000000
1514660520000,0.39557000,0.39557000,0.39557000,0.39557000,67.00000000,1514660579999,26.50319000,2,67.00000000,26.50319000
1514660580000,0.39557000,0.39557000,0.39557000,0.39557000,0.00000000,1514660639999,0.00000000,0,0.00000000,0.00000000
1514660640000,0.39557000,0.39557000,0.39557000,0.39557000,0.00000000,1514660699999,0.00000000,0,0.00000000,0.00000000
1514660700000,0.39557000,0.39557000,0.39557000,0.39557000,0.00000000,1514660759999,0.00000000,0,0.00000000,0.00000000
1514660760000,0.39557000,0.39557000,0.39557000,0.39557000,0.00000000,1514660819999,0.00000000,0,0.00000000,0.00000000
1514660820000,0.39557000,0.39557000,0.39557000,0.39557000,0.00000000,1514660879999,0.00000000,0,0.00000000,0.00000000
1514660880000,0.39557000,0.39557000,0.39557000,0.39557000,0.00000000,1514660939999,0.00000000,0,0.00000000,0.00000000
1514660940000,0.39557000,0.39557000,0.39557000,0.39557000,0.00000000,1514660999999,0.00000000,0,0.00000000,0.00000000
1514661000000,0.39557000,0.39557000,0.39557000,0.39557000,0.00000000,1514661059999,0.00000000,0,0.00000000,0.00000000
1514661060000,0.39557000,0.39557000,0.39557000,0.39557000,0.00000000,1514661119999,0.00000000,0,0.00000000,0.00000000
1514661120000,0.39870000,0.39870000,0.39870000,0.39870000,34.00000000,1514661179999,13.55580000,1,34.00000000,13.55580000
1514661180000,0.39870000,0.39870000,0.39870000,0.39870000,5.00000000,1514661239999,1.99350000,3,0.63000000,0.25118100
1514661240000,0.39870000,0.39870000,0.39870000,0.39870000,0.00000000,1514661299999,0.00000000,0,0.00000000,0.00000000
1514661300000,0.39999000,0.39999000,0.39999000,0.39999000,191.07000000,1514661359999,76.42608930,3,191.07000000,76.42608930
1514661360000,0.39999000,0.39999000,0.39999000,0.39999000,0.00000000,1514661419999,0.00000000,0,0.00000000,0.00000000
1514661420000,0.39999000,0.40500000,0.39999000,0.40500000,54.70000000,1514661479999,22.07595300,4,50.70000000,20.47599300
1514661480000,0.40500000,0.40500000,0.40500000,0.40500000,0.00000000,1514661539999,0.00000000,0,0.00000000,0.00000000
1514661540000,0.40500000,0.40500000,0.40500000,0.40500000,0.00000000,1514661599999,0.00000000,0,0.00000000,0.00000000
1514661600000,0.40500000,0.40500000,0.40500000,0.40500000,0.00000000,1514661659999,0.00000000,0,0.00000000,0.00000000
1514661660000,0.40500000,0.40999000,0.40500000,0.40999000,35.91000000,1514661719999,14.67818020,4,35.91000000,14.67818020
1514661720000,0.41100000,0.41100000,0.41100000,0.41100000,14.45000000,1514661779999,5.93895000,4,14.45000000,5.93895000
1514661780000,0.40776000,0.40776000,0.40776000,0.40776000,35.00000000,1514661839999,14.27160000,2,0.00000000,0.00000000
1514661840000,0.40776000,0.40776000,0.40776000,0.40776000,0.00000000,1514661899999,0.00000000,0,0.00000000,0.00000000
1514661900000,0.40776000,0.40776000,0.40776000,0.40776000,140.01000000,1514661959999,57.09047760,6,140.01000000,57.09047760
1514661960000,0.40776000,0.40776000,0.40776000,0.40776000,0.00000000,1514662019999,0.00000000,0,0.00000000,0.00000000
1514662020000,0.40776000,0.40776000,0.40776000,0.40776000,0.00000000,1514662079999,0.00000000,0,0.00000000,0.00000000
1514662080000,0.40776000,0.40776000,0.40776000,0.40776000,0.00000000,1514662139999,0.00000000,0,0.00000000,0.00000000
1514662140000,0.40776000,0.40776000,0.40776000,0.40776000,0.00000000,1514662199999,0.00000000,0,0.00000000,0.00000000
1514662200000,0.40776000,0.40776000,0.40776000,0.40776000,0.00000000,1514662259999,0.00000000,0,0.00000000,0.00000000
1514662260000,0.40776000,0.40776000,0.40776000,0.40776000,0.00000000,1514662319999,0.00000000,0,0.00000000,0.00000000
1514662320000,0.40776000,0.40776000,0.40776000,0.40776000,0.00000000,1514662379999,0.00000000,0,0.00000000,0.00000000
1514662380000,0.40776000,0.40776000,0.40776000,0.40776000,0.00000000,1514662439999,0.00000000,0,0.00000000,0.00000000
1514662440000,0.40776000,0.40776000,0.40776000,0.40776000,0.00000000,1514662499999,0.00000000,0,0.00000000,0.00000000
1514662500000,0.40776000,0.40776000,0.40776000,0.40776000,0.00000000,1514662559999,0.00000000,0,0.00000000,0.00000000
1514662560000,0.40776000,0.40776000,0.40776000,0.40776000,235.96000000,1514662619999,96.21504960,2,0.00000000,0.00000000
1514662620000,0.40776000,0.40776000,0.40776000,0.40776000,0.00000000,1514662679999,0.00000000,0,0.00000000,0.00000000
1514662680000,0.40775000,0.40775000,0.40775000,0.40775000,32.09000000,1514662739999,13.08469750,1,32.09000000,13.08469750
1514662740000,0.40776000,0.40776000,0.40776000,0.40776000,155.86000000,1514662799999,63.55347360,3,155.86000000,63.55347360
1514662800000,0.40776000,0.40776000,0.40776000,0.40776000,0.00000000,1514662859999,0.00000000,0,0.00000000,0.00000000
1514662860000,0.40776000,0.40776000,0.40776000,0.40776000,0.00000000,1514662919999,0.00000000,0,0.00000000,0.00000000
1514662920000,0.40776000,0.40776000,0.40776000,0.40776000,0.00000000,1514662979999,0.00000000,0,0.00000000,0.00000000
1514662980000,0.40776000,0.40776000,0.40776000,0.40776000,0.00000000,1514663039999,0.00000000,0,0.00000000,0.00000000
1514663040000,0.40776000,0.40776000,0.40776000,0.40776000,0.00000000,1514663099999,0.00000000,0,0.00000000,0.00000000
1514663100000,0.40776000,0.40776000,0.40776000,0.40776000,0.00000000,1514663159999,0.00000000,0,0.00000000,0.00000000
1514663160000,0.40776000,0.40776000,0.40776000,0.40776000,0.00000000,1514663219999,0.00000000,0,0.00000000,0.00000000
1514663220000,0.40776000,0.40776000,0.40776000,0.40776000,0.00000000,1514663279999,0.00000000,0,0.00000000,0.00000000
1514663280000,0.40776000,0.40776000,0.40776000,0.40776000,0.00000000,1514663339999,0.00000000,0,0.00000000,0.00000000
1514663340000,0.40776000,0.40776000,0.40776000,0.40776000,0.00000000,1514663399999,0.00000000,0,0.00000000,0.00000000
1514663400000,0.40776000,0.40776000,0.40776000,0.40776000,0.00000000,1514663459999,0.00000000,0,0.00000000,0.00000000
1514663460000,0.38028000,0.38028000,0.38027000,0.38027000,50.00000000,1514663519999,19.01385200,2,0.00000000,0.00000000
1514663520000,0.38027000,0.38027000,0.38027000,0.38027000,0.00000000,1514663579999,0.00000000,0,0.00000000,0.00000000
1514663580000,0.38027000,0.38027000,0.38027000,0.38027000,0.00000000,1514663639999,0.00000000,0,0.00000000,0.00000000
1514663640000,0.38027000,0.38027000,0.38027000,0.38027000,0.00000000,1514663699999,0.00000000,0,0.00000000,0.00000000
1514663700000,0.38027000,0.38027000,0.38027000,0.38027000,0.00000000,1514663759999,0.00000000,0,0.00000000,0.00000000
1514663760000,0.38027000,0.38027000,0.38027000,0.38027000,0.00000000,1514663819999,0.00000000,0,0.00000000,0.00000000
1514663820000,0.38027000,0.38027000,0.38027000,0.38027000,0.00000000,1514663879999,0.00000000,0,0.00000000,0.00000000
1514663880000,0.38027000,0.38027000,0.38027000,0.38027000,0.00000000,1514663939999,0.00000000,0,0.00000000,0.00000000
1514663940000,0.38027000,0.38027000,0.38027000,0.38027000,0.00000000,1514663999999,0.00000000,0,0.00000000,0.00000000
1514664000000,0.38027000,0.38027000,0.38027000,0.38027000,0.00000000,1514664059999,0.00000000,0,0.00000000,0.00000000
1514664060000,0.38027000,0.38027000,0.38027000,0.38027000,0.00000000,1514664119999,0.00000000,0,0.00000000,0.00000000
1514664120000,0.38027000,0.38027000,0.38027000,0.38027000,0.00000000,1514664179999,0.00000000,0,0.00000000,0.00000000
1514664180000,0.38027000,0.38027000,0.38027000,0.38027000,0.00000000,1514664239999,0.00000000,0,0.00000000,0.00000000
1514664240000,0.38027000,0.38027000,0.38027000,0.38027000,0.00000000,1514664299999,0.00000000,0,0.00000000,0.00000000
1514664300000,0.38027000,0.38027000,0.38027000,0.38027000,0.00000000,1514664359999,0.00000000,0,0.00000000,0.00000000
1514664360000,0.38027000,0.38027000,0.38027000,0.38027000,0.00000000,1514664419999,0.00000000,0,0.00000000,0.00000000
1514664420000,0.38027000,0.38027000,0.38027000,0.38027000,0.00000000,1514664479999,0.00000000,0,0.00000000,0.00000000
1514664480000,0.38027000,0.38027000,0.38027000,0.38027000,0.00000000,1514664539999,0.00000000,0,0.00000000,0.00000000
1514664540000,0.38027000,0.38027000,0.38027000,0.38027000,0.00000000,1514664599999,0.00000000,0,0.00000000,0.00000000
1514664600000,0.38027000,0.38027000,0.38027000,0.38027000,0.00000000,1514664659999,0.00000000,0,0.00000000,0.00000000
1514664660000,0.38027000,0.38027000,0.38027000,0.38027000,0.00000000,1514664719999,0.00000000,0,0.00000000,0.00000000
1514664720000,0.40583000,0.40583000,0.40583000,0.40583000,10.00000000,1514664779999,4.05830000,1,10.00000000,4.05830000
1514664780000,0.38065000,0.38065000,0.38065000,0.38065000,0.22000000,1514664839999,0.08374300,1,0.00000000,0.00000000
1514664840000,0.38065000,0.38065000,0.38065000,0.38065000,79.73000000,1514664899999,30.34922450,1,0.00000000,0.00000000
1514664900000,0.38065000,0.38065000,0.38027000,0.38027000,311.75000000,1514664959999,118.64315790,5,25.33000000,9.63223910
1514664960000,0.38027000,0.38027000,0.38027000,0.38027000,0.00000000,1514665019999,0.00000000,0,0.00000000,0.00000000
1514665020000,0.38027000,0.38027000,0.38027000,0.38027000,0.00000000,1514665079999,0.00000000,0,0.00000000,0.00000000
1514665080000,0.38027000,0.38027000,0.38027000,0.38027000,0.00000000,1514665139999,0.00000000,0,0.00000000,0.00000000
1514665140000,0.38027000,0.38027000,0.38027000,0.38027000,0.00000000,1514665199999,0.00000000,0,0.00000000,0.00000000
1514665200000,0.38027000,0.38027000,0.38027000,0.38027000,0.00000000,1514665259999,0.00000000,0,0.00000000,0.00000000
1514665260000,0.38027000,0.38027000,0.38027000,0.38027000,0.00000000,1514665319999,0.00000000,0,0.00000000,0.00000000
1514665320000,0.38027000,0.38027000,0.38027000,0.38027000,0.00000000,1514665379999,0.00000000,0,0.00000000,0.00000000
1514665380000,0.38027000,0.38027000,0.38027000,0.38027000,0.00000000,1514665439999,0.00000000,0,0.00000000,0.00000000
1514665440000,0.38027000,0.38027000,0.38027000,0.38027000,0.00000000,1514665499999,0.00000000,0,0.00000000,0.00000000
1514665500000,0.38027000,0.38027000,0.38027000,0.38027000,0.00000000,1514665559999,0.00000000,0,0.00000000,0.00000000
1514665560000,0.38027000,0.38027000,0.38027000,0.38027000,0.00000000,1514665619999,0.00000000,0,0.00000000,0.00000000
1514665620000,0.38027000,0.38027000,0.38027000,0.38027000,0.00000000,1514665679999,0.00000000,0,0.00000000,0.00000000
1514665680000,0.38027000,0.38027000,0.38027000,0.38027000,0.00000000,1514665739999,0.00000000,0,0.00000000,0.00000000
1514665740000,0.38027000,0.38027000,0.38027000,0.38027000,0.00000000,1514665799999,0.00000000,0,0.00000000,0.00000000
1514665800000,0.38027000,0.38027000,0.38027000,0.38027000,0.00000000,1514665859999,0.00000000,0,0.00000000,0.00000000
1514665860000,0.38027000,0.38027000,0.38027000,0.38027000,0.00000000,1514665919999,0.00000000,0,0.00000000,0.00000000
1514665920000,0.38027000,0.38027000,0.38027000,0.38027000,0.00000000,1514665979999,0.00000000,0,0.00000000,0.00000000
1514665980000,0.38027000,0.38027000,0.38027000,0.38027000,0.00000000,1514666039999,0.00000000,0,0.00000000,0.00000000
1514666040000,0.38027000,0.38027000,0.38027000,0.38027000,0.00000000,1514666099999,0.00000000,0,0.00000000,0.00000000
1514666100000,0.38027000,0.38027000,0.38027000,0.38027000,0.00000000,1514666159999,0.00000000,0,0.00000000,0.00000000
1514666160000,0.38027000,0.38027000,0.38027000,0.38027000,0.00000000,1514666219999,0.00000000,0,0.00000000,0.00000000
1514666220000,0.38027000,0.38027000,0.38027000,0.38027000,0.00000000,1514666279999,0.00000000,0,0.00000000,0.00000000
1514666280000,0.38027000,0.38027000,0.38027000,0.38027000,0.00000000,1514666339999,0.00000000,0,0.00000000,0.00000000
1514666340000,0.40161000,0.40161000,0.40161000,0.40161000,1.00000000,1514666399999,0.40161000,1,1.00000000,0.40161000
1514666400000,0.40161000,0.40161000,0.40161000,0.40161000,0.00000000,1514666459999,0.00000000,0,0.00000000,0.00000000
1514666460000,0.40161000,0.40161000,0.40161000,0.40161000,0.00000000,1514666519999,0.00000000,0,0.00000000,0.00000000
1514666520000,0.40161000,0.40161000,0.40161000,0.40161000,0.00000000,1514666579999,0.00000000,0,0.00000000,0.00000000
1514666580000,0.40161000,0.40161000,0.40161000,0.40161000,0.00000000,1514666639999,0.00000000,0,0.00000000,0.00000000
1514666640000,0.40161000,0.40161000,0.40161000,0.40161000,0.00000000,1514666699999,0.00000000,0,0.00000000,0.00000000
1514666700000,0.38027000,0.38028000,0.37999000,0.37999000,295.33000000,1514666759999,112.28000160,9,32.09000000,12.19502430
1514666760000,0.37999000,0.37999000,0.37999000,0.37999000,0.00000000,1514666819999,0.00000000,0,0.00000000,0.00000000
1514666820000,0.37999000,0.37999000,0.37999000,0.37999000,0.00000000,1514666879999,0.00000000,0,0.00000000,0.00000000
1514666880000,0.37999000,0.37999000,0.37999000,0.37999000,0.00000000,1514666939999,0.00000000,0,0.00000000,0.00000000
1514666940000,0.37999000,0.37999000,0.37999000,0.37999000,0.00000000,1514666999999,0.00000000,0,0.00000000,0.00000000
1514667000000,0.37999000,0.37999000,0.37999000,0.37999000,0.00000000,1514667059999,0.00000000,0,0.00000000,0.00000000
1514667060000,0.37999000,0.37999000,0.37999000,0.37999000,0.00000000,1514667119999,0.00000000,0,0.00000000,0.00000000
1514667120000,0.37999000,0.37999000,0.37999000,0.37999000,0.00000000,1514667179999,0.00000000,0,0.00000000,0.00000000
1514667180000,0.37999000,0.37999000,0.37999000,0.37999000,0.00000000,1514667239999,0.00000000,0,0.00000000,0.00000000
1514667240000,0.37800000,0.37800000,0.36747000,0.37799000,92.96000000,1514667299999,34.79171120,4,10.00000000,3.77990000
1514667300000,0.37799000,0.37799000,0.37799000,0.37799000,5.00000000,1514667359999,1.88995000,1,5.00000000,1.88995000
1514667360000,0.37799000,0.37799000,0.37799000,0.37799000,0.00000000,1514667419999,0.00000000,0,0.00000000,0.00000000
1514667420000,0.37799000,0.37799000,0.37799000,0.37799000,2.54000000,1514667479999,0.96009460,1,2.54000000,0.96009460
1514667480000,0.37800000,0.37800000,0.37800000,0.37800000,8.03000000,1514667539999,3.03534000,2,0.00000000,0.00000000
1514667540000,0.37800000,0.37800000,0.37800000,0.37800000,0.00000000,1514667599999,0.00000000,0,0.00000000,0.00000000
1514667600000,0.37800000,0.37800000,0.37800000,0.37800000,0.00000000,1514667659999,0.00000000,0,0.00000000,0.00000000
1514667660000,0.37800000,0.37800000,0.37800000,0.37800000,0.00000000,1514667719999,0.00000000,0,0.00000000,0.00000000
1514667720000,0.37800000,0.37800000,0.37800000,0.37800000,0.00000000,1514667779999,0.00000000,0,0.00000000,0.00000000
1514667780000,0.37800000,0.37800000,0.37800000,0.37800000,0.00000000,1514667839999,0.00000000,0,0.00000000,0.00000000
1514667840000,0.37800000,0.37800000,0.37800000,0.37800000,0.00000000,1514667899999,0.00000000,0,0.00000000,0.00000000
1514667900000,0.37800000,0.37800000,0.37800000,0.37800000,0.00000000,1514667959999,0.00000000,0,0.00000000,0.00000000
1514667960000,0.37800000,0.37800000,0.37800000,0.37800000,0.00000000,1514668019999,0.00000000,0,0.00000000,0.00000000
1514668020000,0.37800000,0.37800000,0.37800000,0.37800000,0.00000000,1514668079999,0.00000000,0,0.00000000,0.00000000
1514668080000,0.37800000,0.37800000,0.37800000,0.37800000,0.00000000,1514668139999,0.00000000,0,0.00000000,0.00000000
1514668140000,0.37800000,0.37800000,0.37800000,0.37800000,0.00000000,1514668199999,0.00000000,0,0.00000000,0.00000000
1514668200000,0.37800000,0.37800000,0.37800000,0.37800000,0.00000000,1514668259999,0.00000000,0,0.00000000,0.00000000
1514668260000,0.37800000,0.37800000,0.37800000,0.37800000,0.00000000,1514668319999,0.00000000,0,0.00000000,0.00000000
1514668320000,0.37800000,0.37800000,0.37800000,0.37800000,0.00000000,1514668379999,0.00000000,0,0.00000000,0.00000000
1514668380000,0.37800000,0.37800000,0.37800000,0.37800000,0.00000000,1514668439999,0.00000000,0,0.00000000,0.00000000
1514668440000,0.37800000,0.37800000,0.37800000,0.37800000,0.00000000,1514668499999,0.00000000,0,0.00000000,0.00000000
1514668500000,0.37800000,0.37800000,0.37800000,0.37800000,0.00000000,1514668559999,0.00000000,0,0.00000000,0.00000000
1514668560000,0.37800000,0.37800000,0.37800000,0.37800000,0.00000000,1514668619999,0.00000000,0,0.00000000,0.00000000
1514668620000,0.37800000,0.37800000,0.37800000,0.37800000,0.00000000,1514668679999,0.00000000,0,0.00000000,0.00000000
1514668680000,0.37800000,0.37800000,0.37800000,0.37800000,0.00000000,1514668739999,0.00000000,0,0.00000000,0.00000000
1514668740000,0.37800000,0.37800000,0.37800000,0.37800000,0.00000000,1514668799999,0.00000000,0,0.00000000,0.00000000
1514668800000,0.37800000,0.37800000,0.37800000,0.37800000,0.00000000,1514668859999,0.00000000,0,0.00000000,0.00000000
1514668860000,0.37800000,0.37800000,0.37800000,0.37800000,0.00000000,1514668919999,0.00000000,0,0.00000000,0.00000000
1514668920000,0.37800000,0.37800000,0.37800000,0.37800000,0.00000000,1514668979999,0.00000000,0,0.00000000,0.00000000
1514668980000,0.37800000,0.37800000,0.37800000,0.37800000,0.00000000,1514669039999,0.00000000,0,0.00000000,0.00000000
1514669040000,0.37800000,0.39666000,0.37800000,0.39666000,63.33000000,1514669099999,24.52783620,4,63.33000000,24.52783620
1514669100000,0.39666000,0.39666000,0.39666000,0.39666000,0.00000000,1514669159999,0.00000000,0,0.00000000,0.00000000
1514669160000,0.39666000,0.39666000,0.39666000,0.39666000,0.00000000,1514669219999,0.00000000,0,0.00000000,0.00000000
1514669220000,0.39666000,0.39666000,0.39666000,0.39666000,0.00000000,1514669279999,0.00000000,0,0.00000000,0.00000000
1514669280000,0.39666000,0.39666000,0.39666000,0.39666000,0.00000000,1514669339999,0.00000000,0,0.00000000,0.00000000
1514669340000,0.39666000,0.39666000,0.39666000,0.39666000,5.10000000,1514669399999,2.02296600,2,0.00000000,0.00000000
1514669400000,0.39666000,0.39666000,0.39666000,0.39666000,0.00000000,1514669459999,0.00000000,0,0.00000000,0.00000000
1514669460000,0.39666000,0.39666000,0.39666000,0.39666000,0.00000000,1514669519999,0.00000000,0,0.00000000,0.00000000
1514669520000,0.39666000,0.39666000,0.39666000,0.39666000,0.00000000,1514669579999,0.00000000,0,0.00000000,0.00000000
1514669580000,0.39666000,0.39666000,0.39666000,0.39666000,0.00000000,1514669639999,0.00000000,0,0.00000000,0.00000000
1514669640000,0.39666000,0.39666000,0.39666000,0.39666000,0.00000000,1514669699999,0.00000000,0,0.00000000,0.00000000
1514669700000,0.39666000,0.39666000,0.39666000,0.39666000,0.00000000,1514669759999,0.00000000,0,0.00000000,0.00000000
1514669760000,0.39666000,0.39666000,0.39666000,0.39666000,0.00000000,1514669819999,0.00000000,0,0.00000000,0.00000000
1514669820000,0.39666000,0.39666000,0.39666000,0.39666000,0.00000000,1514669879999,0.00000000,0,0.00000000,0.00000000
1514669880000,0.39666000,0.39666000,0.39666000,0.39666000,0.00000000,1514669939999,0.00000000,0,0.00000000,0.00000000
1514669940000,0.39620000,0.39620000,0.39620000,0.39620000,69.19000000,1514669999999,27.41307800,1,69.19000000,27.41307800
1514670000000,0.39620000,0.39620000,0.39620000,0.39620000,0.00000000,1514670059999,0.00000000,0,0.00000000,0.00000000
1514670060000,0.39620000,0.39620000,0.39620000,0.39620000,0.00000000,1514670119999,0.00000000,0,0.00000000,0.00000000
1514670120000,0.39620000,0.39620000,0.39620000,0.39620000,0.00000000,1514670179999,0.00000000,0,0.00000000,0.00000000
1514670180000,0.39620000,0.39620000,0.39620000,0.39620000,0.00000000,1514670239999,0.00000000,0,0.00000000,0.00000000
1514670240000,0.39620000,0.39620000,0.39620000,0.39620000,0.00000000,1514670299999,0.00000000,0,0.00000000,0.00000000
1514670300000,0.39620000,0.39620000,0.39620000,0.39620000,0.00000000,1514670359999,0.00000000,0,0.00000000,0.00000000
1514670360000,0.39620000,0.39620000,0.39620000,0.39620000,0.00000000,1514670419999,0.00000000,0,0.00000000,0.00000000
1514670420000,0.39620000,0.39620000,0.39620000,0.39620000,0.00000000,1514670479999,0.00000000,0,0.00000000,0.00000000
1514670480000,0.39620000,0.39620000,0.39620000,0.39620000,0.00000000,1514670539999,0.00000000,0,0.00000000,0.00000000
1514670540000,0.39620000,0.39620000,0.39620000,0.39620000,0.00000000,1514670599999,0.00000000,0,0.00000000,0.00000000
1514670600000,0.39620000,0.39620000,0.39620000,0.39620000,0.00000000,1514670659999,0.00000000,0,0.00000000,0.00000000
1514670660000,0.39620000,0.39620000,0.39620000,0.39620000,0.00000000,1514670719999,0.00000000,0,0.00000000,0.00000000
1514670720000,0.39620000,0.39620000,0.39620000,0.39620000,0.00000000,1514670779999,0.00000000,0,0.00000000,0.00000000
1514670780000,0.39620000,0.39620000,0.39620000,0.39620000,0.00000000,1514670839999,0.00000000,0,0.00000000,0.00000000
1514670840000,0.39620000,0.39620000,0.39620000,0.39620000,0.00000000,1514670899999,0.00000000,0,0.00000000,0.00000000
1514670900000,0.39620000,0.39620000,0.39620000,0.39620000,0.00000000,1514670959999,0.00000000,0,0.00000000,0.00000000
1514670960000,0.38004000,0.38004000,0.38004000,0.38004000,14.00000000,1514671019999,5.32056000,1,0.00000000,0.00000000
1514671020000,0.38004000,0.38004000,0.38004000,0.38004000,0.00000000,1514671079999,0.00000000,0,0.00000000,0.00000000
1514671080000,0.38004000,0.38004000,0.38004000,0.38004000,0.00000000,1514671139999,0.00000000,0,0.00000000,0.00000000
1514671140000,0.38004000,0.38004000,0.38004000,0.38004000,0.00000000,1514671199999,0.00000000,0,0.00000000,0.00000000
1514671200000,0.38004000,0.38004000,0.38000000,0.38000000,32.00000000,1514671259999,12.16096000,3,0.00000000,0.00000000
1514671260000,0.38000000,0.38000000,0.38000000,0.38000000,0.00000000,1514671319999,0.00000000,0,0.00000000,0.00000000
1514671320000,0.38000000,0.38000000,0.38000000,0.38000000,0.00000000,1514671379999,0.00000000,0,0.00000000,0.00000000
1514671380000,0.38000000,0.38000000,0.38000000,0.38000000,0.00000000,1514671439999,0.00000000,0,0.00000000,0.00000000
1514671440000,0.38000000,0.38000000,0.38000000,0.38000000,0.00000000,1514671499999,0.00000000,0,0.00000000,0.00000000
1514671500000,0.38000000,0.38000000,0.38000000,0.38000000,0.00000000,1514671559999,0.00000000,0,0.00000000,0.00000000
1514671560000,0.37800000,0.37800000,0.37800000,0.37800000,22.00000000,1514671619999,8.31600000,1,0.00000000,0.00000000
1514671620000,0.37800000,0.37800000,0.37800000,0.37800000,0.00000000,1514671679999,0.00000000,0,0.00000000,0.00000000
1514671680000,0.37800000,0.37800000,0.37800000,0.37800000,0.00000000,1514671739999,0.00000000,0,0.00000000,0.00000000
1514671740000,0.37800000,0.37800000,0.37800000,0.37800000,24.00000000,1514671799999,9.07200000,2,0.00000000,0.00000000
1514671800000,0.37800000,0.37800000,0.37800000,0.37800000,0.67000000,1514671859999,0.25326000,1,0.00000000,0.00000000
1514671860000,0.37798000,0.37798000,0.37798000,0.37798000,7.00000000,1514671919999,2.64586000,1,7.00000000,2.64586000
1514671920000,0.37798000,0.37798000,0.37798000,0.37798000,0.00000000,1514671979999,0.00000000,0,0.00000000,0.00000000
1514671980000,0.37798000,0.37798000,0.37798000,0.37798000,12.80000000,1514672039999,4.83814400,1,0.00000000,0.00000000
1514672040000,0.37798000,0.37798000,0.37798000,0.37798000,0.00000000,1514672099999,0.00000000,0,0.00000000,0.00000000
1514672100000,0.36790000,0.36790000,0.36790000,0.36790000,59.26000000,1514672159999,21.80175400,3,39.46000000,14.51733400
1514672160000,0.36790000,0.36790000,0.36790000,0.36790000,7.91000000,1514672219999,2.91008900,2,7.91000000,2.91008900
1514672220000,0.36790000,0.36790000,0.36790000,0.36790000,0.00000000,1514672279999,0.00000000,0,0.00000000,0.00000000
1514672280000,0.36790000,0.36790000,0.36790000,0.36790000,0.00000000,1514672339999,0.00000000,0,0.00000000,0.00000000
1514672340000,0.36790000,0.36790000,0.36790000,0.36790000,0.00000000,1514672399999,0.00000000,0,0.00000000,0.00000000
1514672400000,0.36790000,0.36790000,0.36790000,0.36790000,0.00000000,1514672459999,0.00000000,0,0.00000000,0.00000000
1514672460000,0.36790000,0.36790000,0.36790000,0.36790000,0.00000000,1514672519999,0.00000000,0,0.00000000,0.00000000
1514672520000,0.36790000,0.36790000,0.36790000,0.36790000,0.00000000,1514672579999,0.00000000,0,0.00000000,0.00000000
1514672580000,0.36790000,0.36790000,0.36790000,0.36790000,0.00000000,1514672639999,0.00000000,0,0.00000000,0.00000000
1514672640000,0.36790000,0.36790000,0.36790000,0.36790000,0.00000000,1514672699999,0.00000000,0,0.00000000,0.00000000
1514672700000,0.36790000,0.36790000,0.36790000,0.36790000,0.00000000,1514672759999,0.00000000,0,0.00000000,0.00000000
1514672760000,0.36790000,0.36790000,0.36790000,0.36790000,0.00000000,1514672819999,0.00000000,0,0.00000000,0.00000000
1514672820000,0.36790000,0.36790000,0.36790000,0.36790000,0.00000000,1514672879999,0.00000000,0,0.00000000,0.00000000
1514672880000,0.36790000,0.36790000,0.36790000,0.36790000,0.00000000,1514672939999,0.00000000,0,0.00000000,0.00000000
1514672940000,0.36790000,0.36790000,0.36790000,0.36790000,0.00000000,1514672999999,0.00000000,0,0.00000000,0.00000000
1514673000000,0.36790000,0.36790000,0.36790000,0.36790000,0.00000000,1514673059999,0.00000000,0,0.00000000,0.00000000
1514673060000,0.36790000,0.36790000,0.36790000,0.36790000,0.00000000,1514673119999,0.00000000,0,0.00000000,0.00000000
1514673120000,0.36790000,0.36790000,0.36790000,0.36790000,0.00000000,1514673179999,0.00000000,0,0.00000000,0.00000000
1514673180000,0.36790000,0.36790000,0.36790000,0.36790000,0.00000000,1514673239999,0.00000000,0,0.00000000,0.00000000
1514673240000,0.36844000,0.36844000,0.36843000,0.36843000,13.80000000,1514673299999,5.08440900,2,0.00000000,0.00000000
1514673300000,0.36843000,0.36843000,0.36843000,0.36843000,0.00000000,1514673359999,0.00000000,0,0.00000000,0.00000000
1514673360000,0.36843000,0.36843000,0.36843000,0.36843000,0.00000000,1514673419999,0.00000000,0,0.00000000,0.00000000
1514673420000,0.36843000,0.36843000,0.36843000,0.36843000,0.00000000,1514673479999,0.00000000,0,0.00000000,0.00000000
1514673480000,0.36843000,0.36843000,0.36843000,0.36843000,0.00000000,1514673539999,0.00000000,0,0.00000000,0.00000000
1514673540000,0.36843000,0.36843000,0.36843000,0.36843000,0.00000000,1514673599999,0.00000000,0,0.00000000,0.00000000
1514673600000,0.36843000,0.36843000,0.36843000,0.36843000,0.00000000,1514673659999,0.00000000,0,0.00000000,0.00000000
1514673660000,0.36843000,0.36843000,0.36843000,0.36843000,0.00000000,1514673719999,0.00000000,0,0.00000000,0.00000000
1514673720000,0.36843000,0.36843000,0.36843000,0.36843000,0.00000000,1514673779999,0.00000000,0,0.00000000,0.00000000
1514673780000,0.36843000,0.36843000,0.36843000,0.36843000,0.00000000,1514673839999,0.00000000,0,0.00000000,0.00000000
1514673840000,0.36843000,0.36843000,0.36843000,0.36843000,0.00000000,1514673899999,0.00000000,0,0.00000000,0.00000000
1514673900000,0.36843000,0.36843000,0.36843000,0.36843000,0.00000000,1514673959999,0.00000000,0,0.00000000,0.00000000
1514673960000,0.36901000,0.36901000,0.36901000,0.36901000,1.00000000,1514674019999,0.36901000,1,0.00000000,0.00000000
1514674020000,0.36901000,0.36901000,0.36901000,0.36901000,0.00000000,1514674079999,0.00000000,0,0.00000000,0.00000000
1514674080000,0.36901000,0.36901000,0.36901000,0.36901000,0.00000000,1514674139999,0.00000000,0,0.00000000,0.00000000
1514674140000,0.36901000,0.36901000,0.36901000,0.36901000,0.00000000,1514674199999,0.00000000,0,0.00000000,0.00000000
1514674200000,0.36901000,0.36901000,0.36901000,0.36901000,0.00000000,1514674259999,0.00000000,0,0.00000000,0.00000000
1514674260000,0.36901000,0.36901000,0.36901000,0.36901000,0.00000000,1514674319999,0.00000000,0,0.00000000,0.00000000
1514674320000,0.36901000,0.36901000,0.36901000,0.36901000,0.00000000,1514674379999,0.00000000,0,0.00000000,0.00000000
1514674380000,0.36901000,0.36901000,0.36901000,0.36901000,0.00000000,1514674439999,0.00000000,0,0.00000000,0.00000000
1514674440000,0.36901000,0.36901000,0.36901000,0.36901000,0.00000000,1514674499999,0.00000000,0,0.00000000,0.00000000
1514674500000,0.36901000,0.36901000,0.36901000,0.36901000,0.00000000,1514674559999,0.00000000,0,0.00000000,0.00000000
1514674560000,0.36901000,0.36901000,0.36901000,0.36901000,0.00000000,1514674619999,0.00000000,0,0.00000000,0.00000000
1514674620000,0.36901000,0.36901000,0.36901000,0.36901000,0.00000000,1514674679999,0.00000000,0,0.00000000,0.00000000
1514674680000,0.36901000,0.36901000,0.36901000,0.36901000,0.00000000,1514674739999,0.00000000,0,0.00000000,0.00000000
1514674740000,0.36901000,0.36901000,0.36901000,0.36901000,0.00000000,1514674799999,0.00000000,0,0.00000000,0.00000000
1514674800000,0.36901000,0.36901000,0.36901000,0.36901000,0.00000000,1514674859999,0.00000000,0,0.00000000,0.00000000
1514674860000,0.36901000,0.36901000,0.36901000,0.36901000,0.00000000,1514674919999,0.00000000,0,0.00000000,0.00000000
1514674920000,0.36901000,0.36901000,0.36901000,0.36901000,0.00000000,1514674979999,0.00000000,0,0.00000000,0.00000000
1514674980000,0.36901000,0.36901000,0.36901000,0.36901000,0.00000000,1514675039999,0.00000000,0,0.00000000,0.00000000
1514675040000,0.36901000,0.36901000,0.36901000,0.36901000,0.00000000,1514675099999,0.00000000,0,0.00000000,0.00000000
1514675100000,0.36901000,0.36901000,0.36901000,0.36901000,0.00000000,1514675159999,0.00000000,0,0.00000000,0.00000000
1514675160000,0.36901000,0.36901000,0.36901000,0.36901000,0.00000000,1514675219999,0.00000000,0,0.00000000,0.00000000
1514675220000,0.36901000,0.36901000,0.36901000,0.36901000,0.00000000,1514675279999,0.00000000,0,0.00000000,0.00000000
1514675280000,0.36901000,0.36901000,0.36901000,0.36901000,0.00000000,1514675339999,0.00000000,0,0.00000000,0.00000000
1514675340000,0.36901000,0.36901000,0.36901000,0.36901000,0.00000000,1514675399999,0.00000000,0,0.00000000,0.00000000
1514675400000,0.36901000,0.36901000,0.36901000,0.36901000,0.00000000,1514675459999,0.00000000,0,0.00000000,0.00000000
1514675460000,0.36901000,0.36901000,0.36901000,0.36901000,0.00000000,1514675519999,0.00000000,0,0.00000000,0.00000000
1514675520000,0.36901000,0.36901000,0.36901000,0.36901000,0.00000000,1514675579999,0.00000000,0,0.00000000,0.00000000
1514675580000,0.36901000,0.36901000,0.36901000,0.36901000,0.00000000,1514675639999,0.00000000,0,0.00000000,0.00000000
1514675640000,0.36901000,0.36901000,0.36901000,0.36901000,0.00000000,1514675699999,0.00000000,0,0.00000000,0.00000000
1514675700000,0.36901000,0.36901000,0.36901000,0.36901000,0.00000000,1514675759999,0.00000000,0,0.00000000,0.00000000
1514675760000,0.36901000,0.36901000,0.36901000,0.36901000,0.00000000,1514675819999,0.00000000,0,0.00000000,0.00000000
1514675820000,0.36901000,0.36901000,0.36901000,0.36901000,0.00000000,1514675879999,0.00000000,0,0.00000000,0.00000000
1514675880000,0.36901000,0.36901000,0.36901000,0.36901000,0.00000000,1514675939999,0.00000000,0,0.00000000,0.00000000
1514675940000,0.36901000,0.36901000,0.36901000,0.36901000,0.00000000,1514675999999,0.00000000,0,0.00000000,0.00000000
1514676000000,0.36901000,0.36901000,0.36901000,0.36901000,0.00000000,1514676059999,0.00000000,0,0.00000000,0.00000000
1514676060000,0.36901000,0.36901000,0.36901000,0.36901000,0.00000000,1514676119999,0.00000000,0,0.00000000,0.00000000
1514676120000,0.36901000,0.36901000,0.36901000,0.36901000,0.00000000,1514676179999,0.00000000,0,0.00000000,0.00000000
1514676180000,0.36901000,0.36901000,0.36901000,0.36901000,0.00000000,1514676239999,0.00000000,0,0.00000000,0.00000000
1514676240000,0.36901000,0.36901000,0.36901000,0.36901000,0.00000000,1514676299999,0.00000000,0,0.00000000,0.00000000
1514676300000,0.36901000,0.36901000,0.36901000,0.36901000,0.00000000,1514676359999,0.00000000,0,0.00000000,0.00000000
1514676360000,0.36901000,0.36901000,0.36901000,0.36901000,0.00000000,1514676419999,0.00000000,0,0.00000000,0.00000000
1514676420000,0.36901000,0.36901000,0.36901000,0.36901000,0.00000000,1514676479999,0.00000000,0,0.00000000,0.00000000
1514676480000,0.36901000,0.36901000,0.36901000,0.36901000,0.00000000,1514676539999,0.00000000,0,0.00000000,0.00000000
1514676540000,0.36901000,0.36901000,0.36901000,0.36901000,0.00000000,1514676599999,0.00000000,0,0.00000000,0.00000000
1514676600000,0.36901000,0.36901000,0.36901000,0.36901000,0.00000000,1514676659999,0.00000000,0,0.00000000,0.00000000
1514676660000,0.36901000,0.36901000,0.36901000,0.36901000,0.00000000,1514676719999,0.00000000,0,0.00000000,0.00000000
1514676720000,0.36901000,0.36901000,0.36901000,0.36901000,0.00000000,1514676779999,0.00000000,0,0.00000000,0.00000000
1514676780000,0.36901000,0.36901000,0.36901000,0.36901000,0.00000000,1514676839999,0.00000000,0,0.00000000,0.00000000
1514676840000,0.36901000,0.36901000,0.36901000,0.36901000,0.00000000,1514676899999,0.00000000,0,0.00000000,0.00000000
1514676900000,0.36901000,0.36901000,0.36901000,0.36901000,0.00000000,1514676959999,0.00000000,0,0.00000000,0.00000000
1514676960000,0.36901000,0.36901000,0.36901000,0.36901000,0.00000000,1514677019999,0.00000000,0,0.00000000,0.00000000
1514677020000,0.36901000,0.36901000,0.36901000,0.36901000,0.00000000,1514677079999,0.00000000,0,0.00000000,0.00000000
1514677080000,0.36901000,0.36901000,0.36901000,0.36901000,0.00000000,1514677139999,0.00000000,0,0.00000000,0.00000000
1514677140000,0.36901000,0.36901000,0.36901000,0.36901000,0.00000000,1514677199999,0.00000000,0,0.00000000,0.00000000
1514677200000,0.36901000,0.36901000,0.36901000,0.36901000,0.00000000,1514677259999,0.00000000,0,0.00000000,0.00000000
1514677260000,0.36901000,0.36901000,0.36901000,0.36901000,74.50000000,1514677319999,27.49124500,1,0.00000000,0.00000000
1514677320000,0.36901000,0.36901000,0.36901000,0.36901000,0.00000000,1514677379999,0.00000000,0,0.00000000,0.00000000
1514677380000,0.36901000,0.36901000,0.36552000,0.36552000,1000.94000000,1514677439999,366.94470000,7,0.00000000,0.00000000
1514677440000,0.36552000,0.36552000,0.36552000,0.36552000,0.00000000,1514677499999,0.00000000,0,0.00000000,0.00000000
1514677500000,0.36552000,0.36552000,0.36552000,0.36552000,0.00000000,1514677559999,0.00000000,0,0.00000000,0.00000000
1514677560000,0.36552000,0.36552000,0.36552000,0.36552000,0.00000000,1514677619999,0.00000000,0,0.00000000,0.00000000
1514677620000,0.36552000,0.36552000,0.36552000,0.36552000,0.00000000,1514677679999,0.00000000,0,0.00000000,0.00000000
1514677680000,0.36552000,0.36552000,0.36552000,0.36552000,0.00000000,1514677739999,0.00000000,0,0.00000000,0.00000000
1514677740000,0.36901000,0.36901000,0.36901000,0.36901000,4.00000000,1514677799999,1.47604000,1,0.00000000,0.00000000
1514677800000,0.36901000,0.36901000,0.36901000,0.36901000,0.00000000,1514677859999,0.00000000,0,0.00000000,0.00000000
1514677860000,0.36901000,0.36901000,0.36901000,0.36901000,0.00000000,1514677919999,0.00000000,0,0.00000000,0.00000000
1514677920000,0.36901000,0.36901000,0.36901000,0.36901000,0.00000000,1514677979999,0.00000000,0,0.00000000,0.00000000
1514677980000,0.36901000,0.36901000,0.36901000,0.36901000,0.00000000,1514678039999,0.00000000,0,0.00000000,0.00000000
1514678040000,0.36901000,0.36901000,0.36901000,0.36901000,0.00000000,1514678099999,0.00000000,0,0.00000000,0.00000000
1514678100000,0.36901000,0.36901000,0.36901000,0.36901000,0.00000000,1514678159999,0.00000000,0,0.00000000,0.00000000
1514678160000,0.36901000,0.36901000,0.36901000,0.36901000,0.00000000,1514678219999,0.00000000,0,0.00000000,0.00000000
1514678220000,0.36901000,0.36901000,0.36901000,0.36901000,0.00000000,1514678279999,0.00000000,0,0.00000000,0.00000000
1514678280000,0.38682000,0.38682000,0.38682000,0.38682000,20.00000000,1514678339999,7.73640000,1,20.00000000,7.73640000
1514678340000,0.38682000,0.38682000,0.38682000,0.38682000,0.00000000,1514678399999,0.00000000,0,0.00000000,0.00000000
1514678400000,0.38682000,0.38682000,0.38682000,0.38682000,0.00000000,1514678459999,0.00000000,0,0.00000000,0.00000000
